"y" "treat" "list.data" "age" "south" "male" "college" "democrat" "republican" "independent" "sensitive" "sens.data"
"2" NA NA 0 4.9 1 0 0 0 0 1 0 1
"7" 2 0 1 4.4 1 0 1 1 0 0 NA 0
"9" 1 0 1 2.8 0 0 1 0 1 0 NA 0
"11" NA NA 0 1.9 0 0 1 0 0 1 0 1
"17" NA NA 0 4.4 0 1 1 0 0 1 0 1
"21" 1 0 1 2.7 0 0 0 0 0 1 NA 0
"22" 3 1 1 6.6 1 1 0 1 0 0 NA 0
"25" 2 1 1 4.9 0 0 0 0 0 1 NA 0
"26" 3 1 1 3.1 0 1 1 1 0 0 NA 0
"27" 4 0 1 2.1 0 0 1 0 0 0 NA 0
"29" 3 1 1 3.1 0 0 1 1 0 0 NA 0
"30" NA NA 0 6.7 0 0 0 1 0 0 0 1
"31" 3 0 1 2.3 0 0 0 0 0 1 NA 0
"32" 2 1 1 2.7 0 1 1 0 0 1 NA 0
"33" 2 1 1 4.9 1 0 1 0 1 0 NA 0
"36" NA NA 0 3.1 1 1 1 1 0 0 1 1
"37" NA NA 0 5.2 0 1 0 1 0 0 0 1
"38" 2 0 1 4.6 0 1 0 0 1 0 NA 0
"39" 3 1 1 6.4 0 0 1 0 0 1 NA 0
"40" NA NA 0 2.4 0 0 1 1 0 0 0 1
"41" NA NA 0 2.7 1 1 1 0 1 0 0 1
"44" 3 1 1 6.4 0 1 1 0 1 0 NA 0
"45" 2 0 1 6.4 0 1 1 0 1 0 NA 0
"46" NA NA 0 3.4 0 0 1 0 0 1 1 1
"48" 3 0 1 2.7 0 1 0 0 1 0 NA 0
"49" 3 0 1 3.6 0 1 0 0 1 0 NA 0
"50" NA NA 0 4.1 0 0 1 0 0 1 1 1
"61" NA NA 0 4.6 0 1 1 0 0 1 0 1
"65" 0 0 1 3.4 0 1 0 0 0 1 NA 0
"66" NA NA 0 4 0 1 1 0 1 0 1 1
"68" 3 1 1 3.5 0 0 1 0 1 0 NA 0
"69" NA NA 0 3.6 0 1 0 1 0 0 0 1
"71" 2 0 1 4.3 0 1 1 0 0 1 NA 0
"72" 2 0 1 3.7 0 1 1 0 1 0 NA 0
"73" 2 1 1 2.7 0 0 1 0 0 1 NA 0
"74" 1 1 1 6.9 0 0 0 1 0 0 NA 0
"75" NA NA 0 4.3 0 1 1 0 1 0 0 1
"77" 1 0 1 4.6 0 1 1 0 1 0 NA 0
"80" 3 1 1 3.7 0 1 1 1 0 0 NA 0
"81" 4 1 1 3.8 1 1 1 0 0 1 NA 0
"82" 4 1 1 3.6 1 0 0 0 1 0 NA 0
"85" 3 1 1 4.9 1 1 0 0 1 0 NA 0
"90" 3 0 1 5.8 0 0 0 0 0 1 NA 0
"92" 3 0 1 4.1 0 0 1 0 0 1 NA 0
"93" NA NA 0 4 0 1 1 0 0 1 0 1
"95" 1 0 1 3.8 0 0 0 1 0 0 NA 0
"97" NA NA 0 5.4 0 0 1 1 0 0 0 1
"99" 2 1 1 3.2 0 1 1 0 0 1 NA 0
"100" NA NA 0 3.2 0 1 0 0 1 0 0 1
"102" NA NA 0 4.9 0 1 1 0 0 1 0 1
"103" 1 0 1 6.5 0 0 1 1 0 0 NA 0
"105" NA NA 0 4.5 0 0 0 0 1 0 0 1
"108" NA NA 0 7.3 1 1 1 0 0 1 0 1
"114" NA NA 0 4.6 1 0 1 0 0 1 1 1
"120" NA NA 0 5.3 0 0 0 1 0 0 0 1
"125" 3 0 1 7 0 0 1 0 1 0 NA 0
"130" 2 0 1 3.2 0 0 1 0 0 1 NA 0
"137" NA NA 0 5.8 0 0 0 0 1 0 1 1
"138" NA NA 0 4.3 0 1 0 0 0 1 0 1
"140" 1 0 1 3.3 0 1 1 1 0 0 NA 0
"144" 1 1 1 2.4 1 1 1 0 0 1 NA 0
"149" 2 0 1 2.6 0 1 1 0 1 0 NA 0
"151" 1 0 1 7 0 0 0 1 0 0 NA 0
"152" NA NA 0 4.4 0 1 0 1 0 0 0 1
"153" NA NA 0 8.2 0 1 0 1 0 0 1 1
"154" 4 0 1 4.6 0 0 0 1 0 0 NA 0
"156" 1 0 1 4.3 0 0 1 1 0 0 NA 0
"160" 1 1 1 2.6 0 1 1 0 0 1 NA 0
"161" 2 0 1 2.4 0 0 0 0 0 0 NA 0
"162" 2 0 1 3.1 0 1 1 0 0 1 NA 0
"169" NA NA 0 5.7 0 1 1 0 1 0 1 1
"170" 3 1 1 7 0 1 0 1 0 0 NA 0
"171" NA NA 0 6.7 0 1 1 0 0 1 1 1
"173" NA NA 0 6.5 1 0 0 0 1 0 1 1
"174" NA NA 0 5.9 1 0 1 0 1 0 0 1
"176" 2 1 1 2.3 1 0 1 0 1 0 NA 0
"177" NA NA 0 6 1 0 0 0 1 0 0 1
"178" 4 1 1 4.2 1 1 0 0 1 0 NA 0
"180" 1 1 1 1.9 1 1 1 0 1 0 NA 0
"181" 2 1 1 3.9 1 0 1 1 0 0 NA 0
"182" 1 0 1 4.7 0 1 1 0 1 0 NA 0
"183" NA NA 0 3.5 0 0 1 0 1 0 0 1
"185" 2 0 1 4.5 0 1 0 0 0 1 NA 0
"186" 1 1 1 3 0 1 1 0 1 0 NA 0
"188" 2 1 1 3.3 1 0 1 1 0 0 NA 0
"189" 1 1 1 5.4 0 0 1 1 0 0 NA 0
"192" 2 1 1 4.1 1 1 1 0 1 0 NA 0
"194" 1 1 1 2.9 0 0 1 0 0 1 NA 0
"197" NA NA 0 8.2 1 0 0 0 0 0 0 1
"200" 3 1 1 1.8 0 0 0 0 0 1 NA 0
"201" 3 0 1 5.9 0 1 0 1 0 0 NA 0
"202" NA NA 0 3.2 0 0 0 0 0 1 0 1
"203" NA NA 0 6.9 0 0 0 0 1 0 1 1
"206" 1 0 1 4.5 0 1 1 0 0 1 NA 0
"209" 2 0 1 3.4 0 0 1 0 0 1 NA 0
"210" 1 1 1 3 0 1 1 0 0 1 NA 0
"213" NA NA 0 2.9 0 0 1 1 0 0 1 1
"214" NA NA 0 6.5 0 0 1 0 0 1 0 1
"215" 2 0 1 5.9 0 1 1 0 0 1 NA 0
"216" 3 1 1 3.5 0 0 0 0 1 0 NA 0
"217" 3 1 1 3.3 0 1 1 0 1 0 NA 0
"220" 2 0 1 5.1 0 1 1 1 0 0 NA 0
"222" NA NA 0 2.9 0 1 1 0 0 1 1 1
"223" 2 1 1 3.1 0 1 1 0 1 0 NA 0
"224" 3 1 1 3.6 0 1 1 0 1 0 NA 0
"226" 3 1 1 3.7 0 0 0 0 0 1 NA 0
"227" NA NA 0 2.7 0 1 1 0 0 1 0 1
"228" 3 0 1 1.8 1 0 0 0 0 1 NA 0
"230" 3 1 1 7 1 1 1 1 0 0 NA 0
"232" 2 0 1 5.5 0 1 0 1 0 0 NA 0
"233" NA NA 0 3.1 1 0 1 0 0 1 0 1
"234" 2 1 1 3.3 0 0 1 0 0 0 NA 0
"236" NA NA 0 2.7 0 1 1 0 0 1 0 1
"238" 3 0 1 2.3 0 0 1 1 0 0 NA 0
"239" 2 1 1 6.5 0 1 0 1 0 0 NA 0
"243" 2 0 1 5.1 0 0 0 0 1 0 NA 0
"245" 1 0 1 5.3 0 0 0 0 0 1 NA 0
"246" 4 1 1 3.9 0 0 1 1 0 0 NA 0
"256" 4 1 1 4.6 0 0 1 0 0 1 NA 0
"259" NA NA 0 7 0 0 1 0 1 0 0 1
"260" 3 1 1 3.2 1 1 1 0 1 0 NA 0
"261" 5 1 1 4.2 0 1 0 0 0 0 NA 0
"262" NA NA 0 2.6 0 0 1 0 1 0 1 1
"264" 3 0 1 6.5 0 1 0 1 0 0 NA 0
"269" 1 0 1 3.9 0 0 1 0 0 1 NA 0
"271" NA NA 0 5.6 0 1 0 0 1 0 0 1
"272" 2 1 1 2 0 1 1 0 0 1 NA 0
"273" 3 1 1 4.3 0 1 0 0 1 0 NA 0
"277" NA NA 0 6.2 0 0 0 0 0 0 0 1
"278" 2 0 1 2.3 0 0 1 0 0 1 NA 0
"281" 3 0 1 5.3 0 1 0 1 0 0 NA 0
"283" 2 0 1 3.9 0 1 1 0 0 1 NA 0
"286" 3 1 1 3.9 0 1 0 1 0 0 NA 0
"287" 3 1 1 7.8 0 1 1 0 1 0 NA 0
"288" 1 0 1 8.8 0 1 0 0 0 1 NA 0
"289" 3 0 1 2.7 0 1 1 0 0 1 NA 0
"292" NA NA 0 2.5 0 1 1 0 0 1 1 1
"295" 1 1 1 8.1 0 0 1 0 0 1 NA 0
"296" NA NA 0 4.2 1 0 0 1 0 0 1 1
"301" 3 0 1 4.2 0 0 1 1 0 0 NA 0
"305" NA NA 0 7.4 0 0 1 1 0 0 0 1
"306" 3 1 1 4.4 0 1 0 0 1 0 NA 0
"309" 1 1 1 6.7 1 0 1 0 0 1 NA 0
"311" NA NA 0 2.7 0 0 1 0 1 0 0 1
"313" 3 1 1 3.5 0 1 1 0 1 0 NA 0
"314" 2 1 1 6.6 0 0 0 0 0 1 NA 0
"315" 4 1 1 3 0 0 0 1 0 0 NA 0
"318" NA NA 0 3.6 0 0 1 0 1 0 0 1
"320" 2 1 1 2.9 0 0 1 1 0 0 NA 0
"328" 1 0 1 2 0 0 0 0 0 1 NA 0
"330" 3 0 1 6.5 1 0 1 0 1 0 NA 0
"332" NA NA 0 4 0 0 1 1 0 0 0 1
"334" 0 1 1 5.2 0 0 0 0 0 0 NA 0
"339" 4 1 1 1.8 1 1 0 0 1 0 NA 0
"340" 2 0 1 8.7 1 0 1 1 0 0 NA 0
"342" NA NA 0 5.5 0 1 0 1 0 0 0 1
"345" NA NA 0 5.3 0 1 0 0 0 1 0 1
"348" NA NA 0 6.3 0 1 0 1 0 0 0 1
"349" 2 1 1 8 0 0 1 1 0 0 NA 0
"350" 2 0 1 3.9 0 0 1 0 1 0 NA 0
"352" 2 0 1 5.6 0 0 0 1 0 0 NA 0
"354" 2 1 1 6.6 0 1 1 0 1 0 NA 0
"355" 3 0 1 5.6 1 0 0 0 0 1 NA 0
"357" 3 0 1 5.7 0 0 0 0 1 0 NA 0
"359" NA NA 0 4.6 0 1 1 1 0 0 0 1
"361" 4 1 1 3.5 0 1 1 0 0 1 NA 0
"362" 4 1 1 5.9 0 0 0 0 0 0 NA 0
"363" NA NA 0 8.5 0 1 1 0 0 1 1 1
"364" NA NA 0 1.9 0 1 1 0 0 1 1 1
"365" 3 0 1 2.4 0 0 0 0 0 1 NA 0
"369" NA NA 0 3.1 0 1 0 0 0 1 0 1
"370" NA NA 0 4.7 0 1 1 0 0 1 0 1
"374" 2 0 1 3.5 1 0 1 0 1 0 NA 0
"375" 3 0 1 3.1 1 0 1 1 0 0 NA 0
"381" 4 0 1 6.4 0 1 0 0 1 0 NA 0
"387" 3 0 1 3.6 0 1 1 1 0 0 NA 0
"388" 2 0 1 3.1 0 1 1 1 0 0 NA 0
"389" 3 0 1 7.4 0 1 0 1 0 0 NA 0
"392" 2 0 1 5.5 0 0 0 0 1 0 NA 0
"393" 2 0 1 3 0 0 1 0 0 1 NA 0
"395" 1 0 1 3.9 1 1 1 1 0 0 NA 0
"397" 2 0 1 1.9 0 0 1 0 1 0 NA 0
"398" 3 0 1 4.1 0 0 1 0 1 0 NA 0
"399" 2 1 1 5.2 0 1 1 0 0 1 NA 0
"401" NA NA 0 7.5 0 0 1 0 1 0 0 1
"403" NA NA 0 4.5 0 0 1 0 0 1 1 1
"405" 3 0 1 2.8 1 1 1 0 1 0 NA 0
"407" NA NA 0 3.7 0 0 1 0 0 0 1 1
"408" NA NA 0 2.3 0 1 1 0 1 0 0 1
"409" NA NA 0 2.4 0 0 1 0 0 1 1 1
"411" 1 0 1 3.7 0 1 1 1 0 0 NA 0
"413" 1 0 1 4.2 0 1 0 0 1 0 NA 0
"416" NA NA 0 8.1 0 0 1 1 0 0 0 1
"417" NA NA 0 2 0 0 1 1 0 0 0 1
"418" 2 1 1 5.3 0 0 1 0 1 0 NA 0
"422" NA NA 0 4 0 0 1 1 0 0 0 1
"423" 1 1 1 2.9 0 0 1 0 1 0 NA 0
"427" 1 0 1 3.3 0 0 1 0 1 0 NA 0
"434" 2 0 1 3.9 0 1 1 0 0 1 NA 0
"438" NA NA 0 3.4 0 0 1 0 1 0 1 1
"441" NA NA 0 6.5 1 0 0 1 0 0 0 1
"442" NA NA 0 2.4 0 1 0 0 0 1 0 1
"447" 2 1 1 3.7 0 1 0 1 0 0 NA 0
"451" NA NA 0 7.2 0 0 0 0 1 0 1 1
"458" 2 0 1 3 0 1 1 0 1 0 NA 0
"460" 3 1 1 6.6 0 0 1 0 1 0 NA 0
"461" 3 0 1 2 0 1 1 0 1 0 NA 0
"463" 2 0 1 3.5 0 0 1 1 0 0 NA 0
"465" NA NA 0 3.4 1 1 0 0 0 1 0 1
"471" 1 0 1 4.3 1 1 1 0 1 0 NA 0
"473" 2 0 1 6.8 1 0 0 1 0 0 NA 0
"474" 2 1 1 3.3 0 1 1 0 1 0 NA 0
"477" 1 0 1 3.1 1 1 1 0 1 0 NA 0
"478" 2 0 1 7.5 1 0 1 1 0 0 NA 0
"479" 4 1 1 2.7 1 1 0 0 0 1 NA 0
"480" NA NA 0 4.3 1 0 1 0 0 1 0 1
"488" NA NA 0 4.4 0 0 0 1 0 0 1 1
"494" 1 0 1 2.6 0 1 1 0 1 0 NA 0
"496" NA NA 0 3.5 0 1 0 0 1 0 1 1
"498" 3 1 1 3.4 0 0 1 1 0 0 NA 0
"500" 2 0 1 2.3 0 1 1 0 1 0 NA 0
"504" 2 0 1 6.3 0 1 1 0 0 1 NA 0
"505" 3 0 1 3.5 0 0 0 0 1 0 NA 0
"508" NA NA 0 7 0 0 0 1 0 0 0 1
"515" 2 1 1 6.5 0 0 0 1 0 0 NA 0
"518" 2 0 1 3.9 1 1 1 1 0 0 NA 0
"519" NA NA 0 4.5 0 0 1 1 0 0 0 1
"523" NA NA 0 5.8 1 0 0 0 1 0 0 1
"525" 2 0 1 3.4 0 0 0 0 1 0 NA 0
"526" 3 0 1 8.5 0 0 0 0 1 0 NA 0
"529" 1 0 1 7.6 0 0 1 1 0 0 NA 0
"530" NA NA 0 3.8 0 0 1 1 0 0 0 1
"533" NA NA 0 6.1 1 0 1 0 0 1 0 1
"535" NA NA 0 5.3 0 1 1 0 0 1 0 1
"537" NA NA 0 2.8 0 0 1 1 0 0 0 1
"540" 3 0 1 3.8 0 0 0 1 0 0 NA 0
"541" 3 1 1 5.6 0 0 0 0 0 1 NA 0
"542" 2 0 1 6.8 0 1 0 0 1 0 NA 0
"543" 1 0 1 3.1 0 1 1 0 1 0 NA 0
"544" 2 0 1 3.5 0 0 1 1 0 0 NA 0
"545" 3 1 1 3.8 0 0 1 0 1 0 NA 0
"549" NA NA 0 7.6 0 1 1 0 0 1 0 1
"552" 1 0 1 5.2 0 1 0 0 0 1 NA 0
"554" 1 0 1 4.1 0 1 1 0 0 1 NA 0
"557" 3 1 1 6 1 1 0 0 1 0 NA 0
"561" NA NA 0 3.4 0 1 0 1 0 0 0 1
"563" 3 1 1 6.9 0 1 1 0 0 1 NA 0
"566" 2 1 1 2.7 0 0 0 1 0 0 NA 0
"569" 1 0 1 2.3 0 1 1 0 0 1 NA 0
"574" 2 0 1 2.1 0 1 1 0 1 0 NA 0
"576" 3 1 1 2.9 0 0 1 0 0 1 NA 0
"577" 3 1 1 2 0 0 1 0 0 1 NA 0
"579" 4 1 1 3.8 0 0 1 0 1 0 NA 0
"580" NA NA 0 2.7 0 0 0 0 0 1 1 1
"581" 4 1 1 3.6 0 1 1 1 0 0 NA 0
"582" 2 1 1 5.6 1 0 0 0 0 1 NA 0
"583" 2 1 1 2 0 1 1 0 1 0 NA 0
"592" 2 0 1 5.7 0 1 1 0 0 1 NA 0
"593" 1 0 1 4.1 0 1 1 0 0 1 NA 0
"594" 2 1 1 5.8 0 0 0 0 0 1 NA 0
"597" 4 1 1 3 1 1 0 0 0 1 NA 0
"599" NA NA 0 4.8 1 1 1 1 0 0 0 1
"600" 1 1 1 2.9 1 0 1 0 1 0 NA 0
"601" 3 0 1 3.7 1 1 0 0 0 1 NA 0
"602" NA NA 0 6.2 1 1 0 1 0 0 0 1
"604" NA NA 0 4.2 0 1 1 0 0 1 0 1
"605" 4 1 1 3.3 0 1 1 0 0 1 NA 0
"606" NA NA 0 6.3 0 1 1 0 1 0 0 1
"610" 1 0 1 4.4 0 1 1 0 0 1 NA 0
"615" NA NA 0 3.3 0 1 0 0 1 0 0 1
"620" NA NA 0 2.8 0 1 0 0 0 1 1 1
"621" NA NA 0 4 0 1 1 1 0 0 0 1
"623" NA NA 0 3.3 0 0 0 0 0 0 0 1
"624" 2 0 1 4 0 0 1 0 0 0 NA 0
"629" NA NA 0 7.1 1 1 0 1 0 0 0 1
"633" 1 0 1 4.4 1 1 1 1 0 0 NA 0
"635" 3 0 1 5.2 0 0 0 0 0 0 NA 0
"636" NA NA 0 6.8 0 1 1 0 1 0 1 1
"639" NA NA 0 6.6 0 0 1 0 0 1 0 1
"640" NA NA 0 2 0 1 1 0 1 0 0 1
"641" 4 1 1 6.3 0 0 0 0 1 0 NA 0
"644" NA NA 0 5 0 1 1 0 0 1 1 1
"645" NA NA 0 4 0 1 1 0 0 1 1 1
"647" 2 1 1 4 0 0 1 1 0 0 NA 0
"648" 3 0 1 5 1 1 0 0 0 1 NA 0
"650" 1 1 1 4.7 0 1 1 0 1 0 NA 0
"654" 2 1 1 4.1 0 0 1 0 0 1 NA 0
"655" 3 0 1 3.1 0 1 1 0 0 1 NA 0
"656" 3 0 1 6 0 1 1 0 0 1 NA 0
"658" NA NA 0 2 0 0 1 0 0 1 0 1
"659" 3 1 1 8.1 1 0 1 1 0 0 NA 0
"661" 3 0 1 3.2 0 0 1 0 0 1 NA 0
"664" 3 0 1 6.3 0 0 0 1 0 0 NA 0
"665" 3 0 1 2.4 0 0 1 1 0 0 NA 0
"666" 2 0 1 5.6 1 1 1 0 0 1 NA 0
"667" 4 0 1 2.5 0 0 1 0 0 1 NA 0
"669" NA NA 0 4.6 0 0 1 0 1 0 1 1
"671" 1 0 1 4.1 0 0 1 1 0 0 NA 0
"672" 1 0 1 2.3 0 1 0 0 0 1 NA 0
"674" 1 0 1 4.5 0 0 1 0 0 1 NA 0
"677" 2 1 1 5.7 1 1 1 0 0 1 NA 0
"678" NA NA 0 6.3 0 0 1 0 1 0 1 1
"679" 4 1 1 2.7 0 1 0 0 0 1 NA 0
"680" 5 1 1 5.2 0 0 0 0 1 0 NA 0
"681" 2 1 1 3.5 0 1 1 0 1 0 NA 0
"682" 3 1 1 6 0 1 1 0 1 0 NA 0
"684" 3 1 1 9.4 0 0 1 0 1 0 NA 0
"687" NA NA 0 5.7 1 1 1 0 0 1 1 1
"690" 1 0 1 4.8 1 0 1 0 0 1 NA 0
"693" 3 1 1 3.6 0 1 0 0 0 1 NA 0
"694" NA NA 0 3.7 0 1 1 0 0 1 0 1
"695" 4 1 1 2.6 0 1 0 0 1 0 NA 0
"696" 3 1 1 2.6 0 0 1 0 0 1 NA 0
"698" 4 1 1 5.4 0 1 1 0 1 0 NA 0
"699" 3 1 1 3.4 0 1 0 0 0 1 NA 0
"700" 1 0 1 3.7 1 1 1 0 1 0 NA 0
"703" NA NA 0 1.8 1 1 0 0 1 0 1 1
"704" NA NA 0 6.8 0 1 0 0 0 1 0 1
"706" NA NA 0 2 1 0 1 1 0 0 0 1
"707" NA NA 0 7.3 1 0 0 1 0 0 0 1
"709" NA NA 0 3.9 0 1 1 1 0 0 1 1
"711" 2 0 1 3.4 0 0 1 1 0 0 NA 0
"712" 2 0 1 5.1 0 0 1 0 0 1 NA 0
"714" 2 1 1 7.9 0 0 1 1 0 0 NA 0
"717" NA NA 0 5.3 0 1 1 0 1 0 1 1
"719" 2 0 1 3.4 1 1 1 1 0 0 NA 0
"720" 3 1 1 2 1 1 0 0 0 1 NA 0
"723" 4 1 1 5.7 1 1 1 0 1 0 NA 0
"724" NA NA 0 4 1 0 1 0 1 0 1 1
"725" NA NA 0 4.6 0 0 0 0 0 1 1 1
"727" 1 0 1 3 0 1 1 0 1 0 NA 0
"728" 2 1 1 1.8 0 0 0 0 0 1 NA 0
"729" 3 0 1 5.9 0 0 0 0 1 0 NA 0
"730" NA NA 0 7 0 0 1 0 1 0 0 1
"732" NA NA 0 3.9 1 1 1 0 0 1 1 1
"733" 2 0 1 6.5 1 0 0 0 0 1 NA 0
"735" 3 1 1 3.1 1 0 1 1 0 0 NA 0
"736" 2 0 1 6 0 1 0 1 0 0 NA 0
"737" 3 1 1 5.9 0 1 0 0 0 1 NA 0
"738" 2 0 1 1.8 0 1 0 0 0 0 NA 0
"739" 2 1 1 4.3 0 0 1 0 0 0 NA 0
"741" 3 0 1 5.1 0 0 1 0 1 0 NA 0
"743" NA NA 0 1.9 0 1 0 1 0 0 0 1
"744" NA NA 0 4.7 0 0 1 1 0 0 0 1
"745" NA NA 0 3.2 0 1 1 0 0 1 0 1
"751" 3 0 1 7 0 0 1 0 0 1 NA 0
"753" NA NA 0 7.1 0 0 0 0 1 0 0 1
"757" NA NA 0 5.1 0 0 1 1 0 0 0 1
"758" 4 1 1 3.8 0 1 0 1 0 0 NA 0
"762" 4 1 1 3.7 0 1 0 0 0 1 NA 0
"763" 4 1 1 3.7 0 1 1 0 0 0 NA 0
"767" NA NA 0 4.7 0 0 1 0 0 1 0 1
"769" 1 0 1 2.1 1 1 0 0 1 0 NA 0
"776" NA NA 0 7.4 0 1 1 0 0 0 0 1
"780" 2 0 1 5.9 0 0 0 1 0 0 NA 0
"787" 1 1 1 3.1 0 1 1 0 1 0 NA 0
"790" 2 0 1 5.5 0 0 1 1 0 0 NA 0
"791" 3 1 1 3.4 0 1 1 0 1 0 NA 0
"792" 2 0 1 6 0 0 1 0 0 1 NA 0
"795" 1 1 1 2.5 0 1 0 0 0 1 NA 0
"797" NA NA 0 4.6 0 0 1 0 0 1 1 1
"799" 0 1 1 4.4 0 1 1 0 0 1 NA 0
"800" 2 0 1 5.3 0 1 1 1 0 0 NA 0
"802" NA NA 0 3.4 0 0 0 0 0 1 0 1
"803" 3 0 1 5.5 0 0 1 0 0 0 NA 0
"806" 2 0 1 3.7 0 0 0 1 0 0 NA 0
"809" 3 1 1 5 0 1 1 0 0 1 NA 0
"810" 3 1 1 4.8 0 1 1 0 0 1 NA 0
"811" 2 1 1 3.8 0 1 0 1 0 0 NA 0
"819" 3 0 1 5.9 1 0 0 0 0 1 NA 0
"820" NA NA 0 3.8 0 0 1 0 0 0 0 1
"821" 2 1 1 2.5 0 0 1 0 1 0 NA 0
"822" NA NA 0 2.8 0 0 1 0 1 0 1 1
"827" 3 1 1 3.7 0 0 0 0 0 1 NA 0
"828" 3 0 1 3.5 0 0 0 0 0 1 NA 0
"830" 3 1 1 5.3 0 0 0 1 0 0 NA 0
"831" NA NA 0 5.8 0 1 1 0 1 0 1 1
"832" 3 0 1 4.2 0 1 0 1 0 0 NA 0
"834" 3 0 1 6.9 0 1 1 1 0 0 NA 0
"835" NA NA 0 7.6 0 1 0 1 0 0 0 1
"837" 3 0 1 2.4 0 1 1 0 1 0 NA 0
"839" 3 1 1 4.2 0 0 1 0 1 0 NA 0
"842" NA NA 0 5.6 1 0 1 0 0 1 1 1
"845" NA NA 0 4.6 1 0 1 0 0 1 1 1
"849" NA NA 0 3.7 1 0 1 1 0 0 0 1
"850" 3 1 1 2.7 0 0 0 0 1 0 NA 0
"851" 4 1 1 2.5 0 0 1 1 0 0 NA 0
"854" NA NA 0 6.9 1 0 1 1 0 0 0 1
"856" 3 1 1 5.7 0 1 0 1 0 0 NA 0
"860" 3 0 1 4.3 0 0 0 0 0 0 NA 0
"861" 2 1 1 6 0 1 1 0 1 0 NA 0
"863" 2 1 1 2.7 0 0 1 1 0 0 NA 0
"866" 3 1 1 4.2 0 0 0 0 0 1 NA 0
"867" 2 0 1 6.8 0 1 1 0 1 0 NA 0
"868" 3 0 1 4.3 0 1 0 0 1 0 NA 0
"871" 4 0 1 3.4 0 1 0 0 0 1 NA 0
"872" 2 0 1 7.8 0 0 1 0 1 0 NA 0
"873" NA NA 0 4.1 0 1 1 0 0 1 1 1
"874" 2 1 1 5.5 0 0 0 0 0 1 NA 0
"877" 2 1 1 6.8 0 0 1 0 0 1 NA 0
"880" 4 1 1 4.9 0 1 1 0 0 1 NA 0
"883" 2 1 1 4.2 0 1 1 0 1 0 NA 0
"884" NA NA 0 4.4 0 1 1 0 0 1 0 1
"885" NA NA 0 1.9 1 1 1 0 1 0 0 1
"886" NA NA 0 5.3 1 1 0 0 0 1 0 1
"887" 3 1 1 2.3 1 1 1 1 0 0 NA 0
"889" NA NA 0 4.8 0 0 1 1 0 0 0 1
"890" NA NA 0 3.4 0 0 1 0 1 0 1 1
"891" 2 0 1 3.3 0 1 1 0 1 0 NA 0
"892" 2 1 1 3.8 0 1 1 0 0 1 NA 0
"893" 3 1 1 6.1 0 1 1 0 1 0 NA 0
"894" 2 0 1 6.5 0 1 0 0 0 1 NA 0
"895" NA NA 0 5.1 0 0 1 1 0 0 1 1
"897" 2 1 1 2.8 0 0 0 1 0 0 NA 0
"898" 2 1 1 3.3 0 0 1 1 0 0 NA 0
"900" 3 1 1 3.8 0 0 1 1 0 0 NA 0
"903" 2 1 1 3.4 0 1 0 0 0 1 NA 0
"905" NA NA 0 2.6 1 0 1 0 0 1 1 1
"906" 3 1 1 2.3 1 0 0 0 1 0 NA 0
"909" 2 0 1 2.2 0 0 1 0 1 0 NA 0
"910" 2 0 1 3.8 0 0 1 1 0 0 NA 0
"911" 2 0 1 4.9 0 1 1 0 1 0 NA 0
"912" NA NA 0 3.7 0 1 1 0 1 0 0 1
"913" 2 0 1 2.5 0 0 1 1 0 0 NA 0
"915" NA NA 0 2.6 0 1 1 0 1 0 0 1
"916" 4 1 1 7.2 0 1 0 1 0 0 NA 0
"917" 3 0 1 5.2 0 1 0 1 0 0 NA 0
"920" 1 0 1 4.6 0 0 1 0 1 0 NA 0
"923" 2 0 1 4 0 1 1 1 0 0 NA 0
"925" 4 1 1 5.1 0 0 0 0 0 1 NA 0
"926" 2 0 1 3.2 0 0 0 1 0 0 NA 0
"930" 3 0 1 1.8 0 0 0 0 0 1 NA 0
"931" 1 0 1 7.6 0 1 1 1 0 0 NA 0
"932" 1 0 1 3.6 0 0 1 1 0 0 NA 0
"934" NA NA 0 3.8 0 1 1 0 1 0 1 1
"936" NA NA 0 6.4 0 0 1 0 1 0 0 1
"937" 3 1 1 2.1 0 1 1 0 0 0 NA 0
"938" 2 0 1 2.3 0 0 1 0 1 0 NA 0
"939" 2 1 1 5.1 1 0 1 0 1 0 NA 0
"940" 4 1 1 5.9 1 0 1 0 0 1 NA 0
"941" NA NA 0 3.7 1 0 0 0 0 1 1 1
"952" NA NA 0 5.3 0 1 1 0 0 1 0 1
"953" NA NA 0 2.9 0 1 1 0 0 1 0 1
"954" 2 0 1 5.9 0 1 1 0 0 1 NA 0
"956" NA NA 0 3.2 0 0 0 1 0 0 0 1
"961" 3 1 1 3.7 0 0 0 0 0 1 NA 0
"967" NA NA 0 4.7 0 1 1 0 0 1 1 1
"968" 3 0 1 3 1 0 1 0 0 1 NA 0
"969" 4 1 1 5.5 1 0 1 0 1 0 NA 0
"970" 3 1 1 2.4 1 1 1 0 1 0 NA 0
"971" 4 1 1 6.2 0 0 0 1 0 0 NA 0
"972" 5 1 1 5.9 0 1 0 1 0 0 NA 0
"975" 1 1 1 3.4 0 0 1 1 0 0 NA 0
"976" NA NA 0 3 1 1 1 0 1 0 1 1
"980" NA NA 0 6.2 1 0 0 1 0 0 1 1
"981" NA NA 0 6.5 1 1 0 0 0 1 0 1
"982" 3 0 1 3.2 1 1 1 0 1 0 NA 0
"984" NA NA 0 6.6 0 0 0 0 0 1 0 1
"987" 1 1 1 3.1 0 0 1 0 0 1 NA 0
"992" 3 1 1 4.2 0 1 1 0 0 1 NA 0
"993" NA NA 0 6.3 0 1 0 0 0 0 0 1
"996" NA NA 0 2.4 0 1 0 0 1 0 0 1
"997" NA NA 0 3.3 0 0 1 0 0 1 0 1
"1000" NA NA 0 4.9 0 1 1 0 0 1 0 1
"1003" 3 1 1 3.2 0 0 1 0 0 1 NA 0
"1004" NA NA 0 6.5 0 0 1 0 1 0 1 1
"1007" NA NA 0 2.1 0 1 1 0 0 0 0 1
"1008" NA NA 0 2.7 0 0 1 1 0 0 0 1
"1014" 2 0 1 3.5 1 0 0 0 1 0 NA 0
"1015" NA NA 0 6.9 0 1 0 1 0 0 1 1
"1016" 3 0 1 2.2 0 0 0 0 1 0 NA 0
"1017" 3 1 1 4.2 0 0 0 0 0 0 NA 0
"1018" 2 0 1 5.2 0 1 1 1 0 0 NA 0
"1019" NA NA 0 2.8 1 0 1 0 0 1 1 1
"1021" 4 1 1 4.9 0 0 0 1 0 0 NA 0
"1024" 2 1 1 3.4 0 1 1 0 1 0 NA 0
"1025" 2 1 1 2.9 0 0 0 0 1 0 NA 0
"1026" NA NA 0 2.2 0 1 0 0 0 1 0 1
"1028" 3 0 1 3.6 0 0 1 0 1 0 NA 0
"1030" 2 1 1 5 0 0 1 1 0 0 NA 0
"1032" 1 1 1 3.6 0 1 1 0 0 1 NA 0
"1033" 2 0 1 4.3 0 0 0 1 0 0 NA 0
"1035" 1 0 1 4.8 0 0 1 1 0 0 NA 0
"1038" 2 1 1 3.3 0 1 1 0 0 1 NA 0
"1041" 2 0 1 4.6 0 0 1 0 1 0 NA 0
"1045" NA NA 0 3.2 0 1 1 0 1 0 1 1
"1049" NA NA 0 1.9 0 1 0 0 0 1 0 1
"1050" NA NA 0 6 0 1 1 0 0 1 0 1
"1051" 3 1 1 5.1 0 0 1 0 1 0 NA 0
"1053" 2 0 1 2.7 0 0 1 0 0 1 NA 0
"1055" 3 1 1 3.8 0 0 1 0 1 0 NA 0
"1062" NA NA 0 2.9 1 1 1 0 1 0 1 1
"1063" 3 0 1 3.6 1 1 0 1 0 0 NA 0
"1064" 2 1 1 2.8 1 0 1 1 0 0 NA 0
"1066" 3 0 1 7.1 0 1 1 0 1 0 NA 0
"1067" NA NA 0 2.9 0 0 1 0 0 0 1 1
"1068" 3 1 1 4.3 0 1 0 0 0 0 NA 0
"1071" NA NA 0 6.2 0 0 0 0 0 1 1 1
"1075" 3 0 1 8 0 0 0 1 0 0 NA 0
"1077" NA NA 0 6.6 0 0 0 0 1 0 0 1
"1079" NA NA 0 6.4 1 1 0 1 0 0 1 1
"1082" 1 0 1 3.1 0 0 0 0 0 1 NA 0
"1086" 1 0 1 6.6 1 0 0 0 0 1 NA 0
"1087" 4 0 1 3.1 0 1 0 0 0 1 NA 0
"1088" 1 0 1 4.1 0 0 1 1 0 0 NA 0
"1089" 4 1 1 6.1 0 0 1 0 0 1 NA 0
"1090" NA NA 0 5.7 0 1 0 0 1 0 0 1
"1091" 4 1 1 6.3 0 0 0 0 1 0 NA 0
"1092" 3 0 1 5.5 0 0 0 1 0 0 NA 0
"1095" NA NA 0 6.9 0 0 1 0 0 1 0 1
"1097" NA NA 0 5.5 0 0 0 1 0 0 0 1
"1099" NA NA 0 4.2 1 0 1 0 0 1 0 1
"1105" NA NA 0 8.6 0 0 1 0 1 0 1 1
"1112" 2 0 1 6.8 1 0 0 0 0 1 NA 0
"1113" NA NA 0 4.5 0 0 1 0 1 0 1 1
"1117" 4 0 1 7.1 0 0 0 0 1 0 NA 0
"1118" 4 1 1 3 0 1 0 0 0 1 NA 0
"1119" 4 1 1 3.9 1 1 1 0 0 1 NA 0
"1123" 1 0 1 4.5 0 1 1 1 0 0 NA 0
"1125" 2 0 1 5.5 0 0 0 0 0 1 NA 0
"1127" 4 0 1 3.5 0 1 0 0 0 1 NA 0
"1129" 2 0 1 2.5 0 0 1 1 0 0 NA 0
"1131" 4 1 1 4.5 0 0 0 0 0 1 NA 0
"1132" 2 1 1 3.2 0 0 1 0 0 1 NA 0
"1133" 3 0 1 3 0 1 1 0 0 1 NA 0
"1137" 3 0 1 3.9 0 1 1 1 0 0 NA 0
"1139" 3 0 1 7.8 0 0 0 1 0 0 NA 0
"1146" 3 1 1 3.6 0 0 1 0 0 1 NA 0
"1148" NA NA 0 3.1 0 1 1 0 0 1 1 1
"1149" 2 1 1 8.2 0 0 1 0 0 1 NA 0
"1156" NA NA 0 3.2 0 0 1 0 1 0 1 1
"1158" 1 1 1 3.7 0 1 1 0 0 1 NA 0
"1161" 3 0 1 4.1 0 1 1 1 0 0 NA 0
"1162" 4 0 1 7.4 0 0 0 0 0 0 NA 0
"1163" 3 1 1 2.1 1 0 1 0 0 1 NA 0
"1168" NA NA 0 2.5 0 0 1 0 0 1 0 1
"1170" NA NA 0 4.7 0 1 1 0 0 1 0 1
"1173" 1 1 1 2.2 0 1 0 0 0 1 NA 0
"1174" NA NA 0 5.3 0 0 0 1 0 0 0 1
"1177" NA NA 0 4.3 0 0 1 1 0 0 0 1
"1178" 4 1 1 2.5 0 0 0 0 0 1 NA 0
"1180" 2 0 1 2.8 0 0 1 1 0 0 NA 0
"1182" 1 0 1 2 0 0 1 0 1 0 NA 0
"1185" 3 0 1 2 0 0 0 1 0 0 NA 0
"1189" 2 1 1 3.7 1 1 1 1 0 0 NA 0
"1190" NA NA 0 5.7 0 1 1 0 0 1 0 1
"1193" NA NA 0 4.2 0 0 1 1 0 0 0 1
"1194" 3 0 1 4 0 0 1 0 1 0 NA 0
"1198" 2 0 1 2.5 0 1 0 0 0 1 NA 0
"1200" 2 0 1 3.7 0 0 1 1 0 0 NA 0
"1201" NA NA 0 4 0 0 0 0 0 1 0 1
"1205" NA NA 0 4.6 1 0 1 0 0 1 0 1
"1207" NA NA 0 6.8 1 0 1 1 0 0 1 1
"1209" 3 0 1 4 0 1 0 0 0 1 NA 0
"1210" 2 1 1 3.6 0 0 1 0 1 0 NA 0
"1212" 2 1 1 5.7 0 0 1 0 1 0 NA 0
"1215" 3 0 1 3 0 1 0 1 0 0 NA 0
"1216" NA NA 0 7.8 0 1 0 0 1 0 0 1
"1217" NA NA 0 2.6 0 0 1 0 1 0 1 1
"1218" 3 0 1 5.7 0 1 0 0 0 1 NA 0
"1221" 2 1 1 3.8 0 0 1 1 0 0 NA 0
"1226" 3 0 1 5.7 0 1 0 1 0 0 NA 0
"1228" 3 1 1 3.4 0 1 1 0 1 0 NA 0
"1230" 3 1 1 3.8 0 0 1 0 1 0 NA 0
"1231" NA NA 0 4.9 0 1 1 0 0 0 0 1
"1237" 3 0 1 2.6 0 0 1 0 0 1 NA 0
"1239" NA NA 0 4.4 1 0 1 1 0 0 1 1
"1241" 3 1 1 7.2 1 0 0 0 0 1 NA 0
"1243" NA NA 0 4.4 0 0 1 1 0 0 0 1
"1247" 2 1 1 7.5 0 0 1 1 0 0 NA 0
"1249" 4 0 1 4.6 0 1 1 0 0 1 NA 0
"1250" NA NA 0 4.3 1 0 1 0 0 1 0 1
"1253" 1 0 1 2.6 1 1 0 0 1 0 NA 0
"1255" 2 0 1 6.9 1 0 0 1 0 0 NA 0
"1259" 2 0 1 2.7 0 1 1 0 0 1 NA 0
"1260" 1 0 1 4 0 1 1 1 0 0 NA 0
"1268" 3 0 1 4.3 0 1 1 1 0 0 NA 0
"1271" 3 0 1 3.4 0 0 0 1 0 0 NA 0
"1272" 4 0 1 3.7 0 1 0 0 1 0 NA 0
"1273" 1 1 1 2.2 0 0 1 1 0 0 NA 0
"1278" 5 1 1 5.8 0 1 1 0 0 1 NA 0
"1280" 3 0 1 5.6 0 0 0 0 0 1 NA 0
"1285" 2 1 1 5.8 0 1 1 0 0 0 NA 0
"1287" 2 0 1 6.2 0 0 1 0 1 0 NA 0
"1288" 2 1 1 3 1 0 1 1 0 0 NA 0
"1293" NA NA 0 5.4 0 0 0 1 0 0 0 1
"1296" NA NA 0 1.8 0 0 0 0 1 0 0 1
"1297" 3 1 1 3.9 0 1 1 0 1 0 NA 0
"1299" 3 0 1 3.4 0 1 0 0 1 0 NA 0
"1301" 1 0 1 7.3 0 1 0 0 0 1 NA 0
"1302" 2 1 1 5.3 0 0 1 1 0 0 NA 0
"1304" 2 0 1 8.2 0 0 0 0 1 0 NA 0
"1305" 2 1 1 4.1 0 1 1 0 0 1 NA 0
"1306" NA NA 0 5.4 1 1 0 0 1 0 1 1
"1308" NA NA 0 3.7 1 1 1 0 1 0 1 1
"1309" 4 1 1 3 0 1 0 0 0 1 NA 0
"1310" 1 0 1 5.4 0 0 1 0 0 1 NA 0
"1311" 2 0 1 6.9 1 0 0 1 0 0 NA 0
"1314" NA NA 0 5 1 1 1 0 1 0 1 1
"1317" NA NA 0 2.3 0 0 0 0 1 0 0 1
"1321" NA NA 0 3.4 0 1 0 0 0 1 1 1
"1327" NA NA 0 5.5 0 1 0 0 1 0 1 1
"1328" 4 1 1 5.6 0 1 1 0 0 1 NA 0
"1332" 4 0 1 2.7 0 0 0 0 0 1 NA 0
"1336" 2 0 1 4.7 0 1 1 1 0 0 NA 0
"1341" NA NA 0 4.2 0 0 1 0 1 0 0 1
"1344" NA NA 0 7.9 0 0 1 1 0 0 0 1
"1345" 3 1 1 3.3 0 0 1 0 1 0 NA 0
"1346" NA NA 0 2.8 0 1 0 0 0 0 0 1
"1347" 4 0 1 6.2 0 1 0 0 0 1 NA 0
"1348" 3 0 1 5.2 0 1 1 0 0 1 NA 0
"1352" 3 1 1 2.7 1 1 0 0 0 1 NA 0
"1355" 2 0 1 3.3 0 1 1 0 0 1 NA 0
"1357" 3 0 1 8.5 0 0 0 0 1 0 NA 0
"1358" 5 1 1 6.9 0 1 1 0 0 1 NA 0
"1362" 2 0 1 8.3 0 1 0 1 0 0 NA 0
"1364" 3 0 1 5.5 0 1 1 1 0 0 NA 0
"1367" NA NA 0 4.1 0 0 1 1 0 0 0 1
"1371" NA NA 0 3.3 1 1 1 0 0 1 1 1
"1374" NA NA 0 3.7 0 0 0 1 0 0 0 1
"1376" 5 1 1 5 0 1 0 0 0 1 NA 0
"1379" 1 1 1 3.4 0 1 1 0 0 1 NA 0
"1381" 1 1 1 3.6 1 1 1 0 0 1 NA 0
"1384" NA NA 0 5 0 0 1 0 1 0 0 1
"1386" 3 0 1 3.5 0 0 1 0 1 0 NA 0
"1387" 2 0 1 2.9 1 0 1 0 1 0 NA 0
"1390" 2 1 1 2.9 0 1 0 0 1 0 NA 0
"1391" 2 0 1 2.5 0 1 0 0 0 1 NA 0
"1393" NA NA 0 3.8 0 0 1 0 0 1 1 1
"1397" 1 0 1 8.5 0 0 0 1 0 0 NA 0
"1399" 3 0 1 3.5 0 0 0 0 0 1 NA 0
"1400" NA NA 0 5.3 1 1 1 0 1 0 0 1
"1401" 2 0 1 3.6 0 0 1 0 0 1 NA 0
"1402" 3 0 1 5 0 0 1 0 0 1 NA 0
"1403" 5 1 1 4.8 0 0 0 0 0 1 NA 0
"1404" 3 1 1 6.3 0 1 1 1 0 0 NA 0
"1406" 4 0 1 5.7 0 0 0 0 1 0 NA 0
"1409" NA NA 0 3.9 0 1 1 0 0 1 1 1
"1410" NA NA 0 2.1 0 1 0 0 1 0 0 1
"1411" NA NA 0 7.5 0 0 0 1 0 0 1 1
"1412" NA NA 0 6.4 0 1 1 0 1 0 0 1
"1413" 4 0 1 7.7 0 1 1 0 0 1 NA 0
"1416" 3 1 1 2.1 0 1 1 0 1 0 NA 0
"1419" 3 0 1 4.5 0 0 1 1 0 0 NA 0
"1420" 2 1 1 5 1 0 1 0 0 1 NA 0
"1423" 3 0 1 6.8 0 1 1 0 1 0 NA 0
"1424" 2 1 1 2 1 0 1 0 0 1 NA 0
"1426" 1 0 1 3.1 0 0 0 0 0 1 NA 0
"1427" NA NA 0 6.6 0 1 0 1 0 0 0 1
"1430" 2 0 1 4.6 0 0 1 1 0 0 NA 0
"1436" 3 1 1 6.3 1 1 0 0 0 0 NA 0
"1439" NA NA 0 3 0 1 0 0 0 1 0 1
"1442" 4 1 1 2.9 1 1 0 0 0 1 NA 0
"1444" 4 0 1 6.2 0 0 0 0 0 1 NA 0
"1445" 5 1 1 4.7 0 1 1 0 1 0 NA 0
"1449" NA NA 0 8.1 0 1 1 1 0 0 0 1
"1454" 4 1 1 2.2 0 1 1 1 0 0 NA 0
"1455" 5 1 1 6.4 0 1 1 0 0 1 NA 0
"1459" NA NA 0 6.7 0 0 0 1 0 0 0 1
"1461" 1 1 1 4.2 0 0 1 0 1 0 NA 0
"1463" 3 1 1 5.1 0 1 0 0 1 0 NA 0
