"y" "treat" "age" "south" "male" "college"
"4" 3 0 7.2 1 0 0
"5" 0 2 2.1 0 1 1
"6" 2 0 2.5 0 0 1
"7" 3 0 3.3 0 1 1
"8" 4 2 4.4 0 0 1
"9" 2 1 2.4 0 1 0
"10" 3 1 6 0 0 1
"11" 2 0 6.4 0 0 0
"13" 3 1 5.2 0 0 0
"14" 2 1 3 0 0 1
"15" 4 2 6.5 0 0 1
"16" 3 2 7 0 1 0
"17" 2 0 4.3 0 1 1
"18" 1 1 4.5 0 1 1
"19" 1 1 3.7 0 1 1
"20" 3 2 3.3 0 1 0
"21" 4 2 4.3 1 1 1
"22" 3 0 6.1 1 1 0
"24" 2 0 3.6 0 0 1
"25" 4 2 2.1 1 0 0
"26" 4 2 6.7 1 1 1
"28" 2 2 2.2 0 1 1
"30" 3 1 6.2 0 0 0
"31" 3 2 4.4 0 0 1
"32" 2 2 2.4 0 1 1
"33" 1 0 4.3 0 1 1
"36" 1 2 7.7 0 1 0
"38" 3 0 5.2 0 0 1
"40" 2 1 3.2 0 1 1
"41" 1 1 4.3 0 1 1
"42" 1 0 1.8 0 1 0
"43" 2 0 3.4 1 0 1
"44" 1 1 6.7 1 0 1
"46" 2 2 3.1 1 1 0
"48" 3 0 4.3 0 0 0
"49" 1 1 3.3 1 0 1
"50" 2 1 2.7 1 1 1
"51" 2 1 3.6 1 1 0
"52" 3 0 4.5 1 0 0
"53" 2 0 3 1 0 0
"54" 1 1 4.5 1 0 1
"55" 2 2 3.4 0 0 1
"56" 3 2 6.4 1 0 0
"57" 3 1 3.1 0 0 0
"58" 4 2 4.4 0 1 0
"59" 2 2 5.4 0 1 1
"60" 2 1 1.8 0 1 0
"61" 4 2 5.6 0 1 0
"62" 3 0 2.7 0 0 0
"63" 3 2 6.8 0 0 1
"65" 2 2 3.6 0 1 0
"66" 1 1 7.4 0 0 0
"67" 3 1 2.5 0 1 0
"68" 3 1 5.7 0 1 0
"70" 1 1 3.9 0 1 1
"71" 2 0 3.3 0 0 1
"72" 1 2 7.8 0 1 0
"73" 1 0 4.7 0 1 1
"74" 4 2 2.8 0 1 0
"75" 3 1 3.2 0 1 1
"76" 3 0 7.5 0 0 0
"77" 2 1 5.4 0 0 0
"78" 2 2 8.1 0 1 1
"79" 1 2 4.3 0 1 0
"80" 2 2 4.5 0 1 1
"81" 2 2 3.1 0 0 1
"82" 2 2 5.3 1 0 1
"84" 3 0 7.6 1 0 0
"85" 1 2 3.8 0 1 0
"86" 2 1 2.9 0 0 1
"88" 1 2 3 1 0 1
"89" 2 1 3.7 1 0 0
"90" 2 2 2.5 1 1 1
"91" 2 1 6.4 1 1 1
"93" 2 1 4.6 1 0 1
"94" 3 0 6.9 1 0 1
"96" 3 1 5.1 0 0 1
"98" 3 2 2.9 0 1 1
"100" 3 2 3.7 0 0 0
"101" 2 1 2.4 0 0 1
"102" 3 1 3.4 0 1 1
"103" 2 0 2.6 0 0 0
"104" 3 0 5.9 0 1 1
"106" 1 2 2.8 0 1 1
"107" 3 1 3.6 0 0 1
"108" 2 1 7.9 0 0 1
"109" 2 0 6.2 0 1 1
"110" 3 2 6.3 0 0 0
"111" 1 0 5.9 0 1 1
"112" 2 2 3.2 0 1 0
"115" 3 1 6.2 0 1 0
"116" 3 1 3.3 1 1 1
"117" 2 0 3.6 1 0 0
"118" 2 2 2.7 1 0 1
"119" 3 2 7.8 0 1 0
"120" 2 0 7.3 1 0 0
"121" 3 2 3.1 1 1 1
"122" 3 1 7.5 1 0 0
"124" 1 0 4.7 0 0 1
"125" 3 1 5.4 0 0 1
"126" 3 0 6.4 0 1 1
"127" 2 0 8.6 0 0 1
"128" 1 1 2.5 0 1 1
"131" 3 0 3.3 0 0 0
"132" 0 1 8.4 0 1 0
"133" 2 0 3.1 0 1 0
"134" 3 0 6.3 0 1 1
"135" 4 2 5.5 0 0 0
"136" 2 0 4.2 0 0 0
"137" 2 0 2.5 0 0 1
"138" 3 0 5.7 0 1 0
"140" 3 2 8.3 0 1 1
"141" 4 1 4.7 0 1 0
"142" 1 1 4.7 0 0 1
"145" 3 2 3.1 0 0 1
"148" 4 2 6.5 1 0 1
"149" 3 2 2.1 1 1 0
"152" 1 1 2.4 0 0 1
"153" 4 2 7.6 0 0 0
"154" 2 1 4.8 0 0 1
"155" 1 1 4.3 1 0 1
"156" 2 0 2.6 1 0 1
"157" 3 1 2.9 0 0 1
"158" 3 2 7.9 0 0 0
"159" 2 0 3.2 1 1 1
"160" 2 2 2.9 1 0 0
"161" 2 0 7.8 0 0 1
"162" 2 0 3.2 0 1 0
"163" 1 1 2.7 0 1 1
"165" 3 1 8.8 0 0 1
"167" 3 0 8.2 0 0 0
"168" 2 1 6.2 0 0 0
"169" 4 2 3.6 0 0 1
"171" 4 2 6.3 0 0 0
"172" 2 1 3.5 0 1 0
"173" 3 0 3.6 0 0 1
"174" 2 1 5.1 0 1 1
"175" 2 0 4.5 0 0 0
"177" 3 0 2.9 0 0 0
"178" 3 0 4.1 0 1 1
"179" 3 2 3.1 0 0 0
"180" 3 0 5 0 1 0
"181" 4 2 5.4 0 1 0
"182" 2 2 5.6 0 0 0
"183" 4 2 4.9 0 0 0
"184" 1 0 4.2 1 0 0
"185" 3 0 4.1 1 0 0
"186" 2 0 4.4 1 0 1
"187" 3 0 7.1 1 1 1
"188" 3 0 5 0 0 0
"189" 3 0 3.3 0 0 1
"190" 2 0 2.5 1 0 1
"191" 1 2 3.9 1 0 1
"193" 2 2 3.5 1 1 0
"194" 3 1 6 1 1 1
"196" 3 1 4.1 0 0 1
"197" 3 0 2.1 0 0 1
"198" 2 2 3.9 0 1 0
"199" 2 0 3.2 0 1 1
"200" 2 0 3.9 0 1 0
"202" 2 0 5 0 0 1
"204" 3 1 5.3 0 1 1
"205" 3 0 5.3 0 0 0
"207" 2 0 1.9 0 1 0
"208" 3 0 6 0 0 1
"209" 1 2 4.4 0 1 1
"210" 2 0 2.6 0 1 1
"211" 2 0 3.8 0 0 1
"212" 2 1 1.8 1 0 0
"213" 3 2 3.5 1 0 1
"217" 2 0 3.3 0 1 0
"218" 2 1 4.6 0 0 0
"219" 3 0 5.4 1 0 0
"220" 3 2 8.9 1 0 0
"221" 1 1 3.6 1 0 1
"222" 4 2 6.9 1 0 0
"225" 1 1 2.1 0 0 1
"226" 1 0 8.2 0 0 0
"228" 2 0 2.7 0 1 1
"231" 2 0 2.4 0 0 1
"232" 3 2 5 0 1 1
"233" 2 1 2.7 0 1 1
"234" 2 0 5.6 0 0 0
"235" 2 1 6.1 0 0 0
"237" 3 1 3.5 0 0 0
"238" 4 2 3.5 0 1 0
"239" 1 0 2 0 0 1
"240" 2 0 4.5 0 1 1
"241" 3 0 3.5 0 1 0
"242" 1 0 3.1 0 0 1
"244" 3 2 2.7 0 1 0
"245" 1 0 3.4 1 0 1
"247" 1 0 4.6 1 1 0
"248" 3 1 2.8 1 1 1
"249" 4 1 3.3 1 0 0
"250" 3 2 6.2 1 0 1
"252" 2 1 4.8 0 1 1
"253" 2 0 2.2 1 0 0
"254" 3 0 2.6 1 1 1
"255" 2 2 7.4 1 0 1
"256" 1 0 3.9 1 1 1
"259" 2 1 2.1 0 1 0
"260" 1 0 3.1 0 1 1
"261" 2 0 6.6 0 0 0
"262" 2 2 4.2 0 1 1
"264" 1 0 1.9 0 1 0
"265" 3 2 7.2 0 0 0
"268" 3 2 1.9 0 1 0
"269" 2 2 4.1 0 1 1
"270" 3 1 4.5 0 0 1
"271" 2 0 7.6 0 0 0
"272" 3 2 1.9 0 0 0
"274" 1 1 1.8 0 0 0
"275" 0 1 5.1 0 1 1
"276" 1 2 3.8 0 0 1
"277" 2 2 2.1 0 1 0
"280" 2 1 6.7 0 0 0
"281" 2 2 2.2 1 1 1
"284" 2 2 2.3 1 1 1
"286" 3 2 3.2 0 1 0
"287" 2 2 2.9 0 0 1
"288" 2 0 2.7 0 0 1
"289" 3 2 3 1 0 0
"290" 2 0 7.6 1 1 0
"291" 2 1 7.8 1 0 1
"293" 3 0 6.9 0 0 0
"294" 4 1 2.3 0 0 1
"295" 3 1 5 0 0 0
"296" 2 0 5.2 0 0 1
"297" 3 0 6.8 0 0 0
"298" 2 1 6.2 0 0 0
"299" 3 1 2.6 0 0 1
"300" 3 1 5.5 0 0 0
"302" 2 2 3.5 0 0 0
"303" 2 0 2.8 0 0 1
"304" 2 0 2.9 0 0 1
"305" 3 1 7.3 0 1 0
"306" 1 0 3.9 0 0 1
"308" 3 2 5 0 0 0
"310" 2 2 4.8 0 0 1
"312" 1 0 7.8 0 0 0
"315" 1 1 3.5 1 0 0
"318" 3 0 4.5 0 1 1
"319" 2 1 2.2 0 0 1
"320" 1 1 3.2 1 0 1
"322" 1 0 6.5 1 1 1
"323" 1 2 3 0 0 1
"325" 2 2 3.1 0 1 0
"326" 0 2 6.6 0 1 1
"327" 1 1 2.2 0 0 0
"328" 3 1 4.7 0 1 1
"329" 2 2 4.9 0 0 1
"330" 2 1 3.4 0 1 0
"331" 2 1 2.9 0 1 0
"334" 2 0 5.5 0 0 0
"335" 3 2 2.7 0 1 1
"336" 2 2 4.2 0 1 1
"337" 2 2 4.7 0 1 1
"338" 3 0 4.6 0 0 1
"339" 3 2 4.2 0 0 1
"340" 4 2 3.7 0 0 1
"341" 4 2 6.4 1 1 0
"342" 2 1 2.8 1 1 0
"343" 4 2 3.4 0 0 0
"344" 1 2 2.5 0 0 1
"345" 3 0 5.4 0 1 0
"346" 4 2 5.4 0 0 0
"347" 1 2 5.9 1 0 0
"348" 1 0 3.4 1 0 1
"349" 2 0 4.1 1 0 0
"350" 1 0 4.1 0 0 1
"351" 2 0 3.7 0 0 1
"352" 4 2 5.2 0 0 0
"353" 3 2 4.2 0 1 0
"354" 3 1 3.4 0 1 1
"355" 3 0 3.2 0 0 0
"358" 3 2 2.9 0 1 1
"359" 1 1 8.4 0 1 1
"360" 3 0 6.7 0 0 1
"361" 4 2 6.2 0 0 0
"364" 3 1 4.7 0 0 0
"365" 2 1 5.6 0 0 0
"366" 3 0 4.4 0 0 0
"367" 3 0 2.4 0 0 1
"368" 3 0 2.8 0 0 1
"369" 2 2 2.5 0 0 0
"370" 2 1 2.7 0 1 1
"371" 4 2 4.9 0 1 1
"375" 2 1 3.7 0 0 1
"376" 2 2 2.8 0 0 1
"377" 4 2 7.4 1 0 0
"378" 1 0 6.5 1 0 1
"379" 1 1 5 0 0 1
"381" 1 1 3 1 0 1
"382" 3 2 3.5 1 0 0
"383" 3 2 4.9 1 0 1
"384" 3 0 3.1 1 1 1
"386" 2 0 7.4 0 0 0
"388" 2 0 3 0 1 1
"390" 1 0 3.7 0 0 1
"391" 2 0 4.4 0 0 1
"392" 4 2 3.1 0 1 0
"393" 1 1 2.1 0 1 0
"396" 2 0 3.3 0 0 1
"397" 3 1 3.2 0 1 0
"398" 2 0 6.9 0 0 1
"399" 2 1 4.8 0 0 1
"400" 3 0 4.3 0 1 1
"401" 1 0 4.2 0 0 1
"402" 3 2 2.9 0 1 1
"403" 3 0 4.6 0 1 1
"405" 1 1 4.4 0 1 1
"406" 3 0 5.3 0 1 1
"407" 2 0 5 0 0 0
"408" 2 0 4.1 1 1 1
"409" 1 2 2 1 1 1
"412" 2 2 2.4 0 1 0
"413" 2 2 3.1 0 0 0
"415" 2 2 5.4 1 0 0
"416" 1 2 4.2 1 1 1
"417" 1 0 3.7 1 1 1
"419" 1 2 3.3 0 1 1
"420" 1 2 2.9 1 1 1
"421" 4 2 3 0 0 0
"422" 1 1 2.8 0 1 1
"423" 1 2 6.2 0 0 0
"424" 3 2 3.9 0 1 0
"425" 1 1 2.7 0 1 1
"426" 3 0 3.5 0 0 1
"427" 3 0 2.9 0 0 1
"428" 3 0 3 0 0 0
"429" 3 0 6 0 0 1
"430" 2 0 2.8 0 1 1
"431" 2 2 3.9 0 1 0
"432" 3 2 5.1 0 0 1
"433" 3 1 6.6 0 0 0
"434" 1 2 5.1 0 1 1
"435" 2 1 4.1 0 0 1
"436" 3 2 4.1 0 0 1
"437" 3 1 2.4 0 1 1
"438" 1 1 4.2 0 1 1
"439" 1 0 3.1 0 0 1
"441" 2 1 2.2 1 1 1
"442" 1 1 2.8 1 1 1
"443" 3 2 3.6 1 1 0
"444" 3 2 3.8 1 0 0
"445" 2 0 7.5 1 1 1
"446" 2 2 4.4 0 0 1
"447" 3 2 4.1 0 1 0
"448" 3 2 5 0 0 1
"449" 3 0 5.6 0 0 0
"450" 1 0 2.9 1 0 1
"451" 2 1 2.6 1 0 0
"453" 4 2 3.2 1 1 1
"454" 3 1 2.5 1 1 0
"455" 2 1 4.4 1 0 0
"456" 3 2 6.9 1 1 1
"457" 3 2 3.3 0 1 1
"460" 1 0 6.2 1 1 1
"461" 2 2 3.7 0 1 1
"464" 3 1 5.1 0 0 0
"466" 2 0 3 0 0 0
"467" 1 1 3.2 0 1 0
"468" 2 0 2.1 0 0 1
"469" 3 1 3 0 0 0
"470" 2 2 2.6 0 0 0
"471" 2 1 3.3 0 0 1
"472" 4 2 2.7 0 0 0
"473" 1 2 3 0 1 1
"474" 3 2 4.7 0 0 1
"475" 2 1 2.4 0 0 0
"476" 3 1 6 0 0 0
"477" 3 1 2 0 0 0
"478" 3 2 5.3 0 1 0
"480" 3 0 3.3 0 0 0
"481" 2 0 6.8 0 1 0
"482" 2 2 3.1 0 1 0
"483" 2 2 9.4 0 1 0
"484" 3 1 2.7 0 1 1
"485" 1 2 3.8 0 1 0
"487" 3 1 2.3 0 0 1
"488" 1 1 6.8 1 1 1
"489" 3 0 2.2 1 0 1
"490" 2 2 2.4 1 0 0
"491" 1 0 3.7 1 0 1
"493" 3 2 6.8 0 1 0
"494" 1 0 5.2 0 0 1
"495" 3 0 2.6 1 0 1
"496" 2 1 5.8 1 1 0
"498" 1 0 3.3 1 1 1
"500" 2 1 2.4 0 1 1
"501" 2 1 4.4 0 0 1
"502" 0 1 6.6 0 1 0
"503" 3 0 2.5 0 1 0
"504" 2 1 4.4 0 0 0
"507" 4 2 2.6 0 1 0
"508" 3 2 3.7 0 0 0
"509" 2 1 2 0 1 0
"510" 3 2 5.9 0 0 0
"511" 3 1 5.2 0 0 1
"512" 4 1 6.6 0 1 0
"513" 2 1 3.1 0 0 1
"514" 4 1 6.7 0 0 1
"515" 3 1 3.4 0 0 0
"516" 3 1 4.9 0 0 1
"517" 2 1 4.5 0 0 1
"518" 2 2 5.8 1 0 1
"519" 2 1 3.5 1 0 1
"520" 3 1 2.3 1 0 1
"521" 2 2 4.3 0 1 1
"522" 1 0 5.8 1 0 1
"523" 2 1 4.1 1 1 1
"524" 0 1 5.5 1 1 1
"525" 1 0 6.8 1 1 1
"526" 2 2 2.4 0 1 1
"528" 2 0 4.8 1 1 1
"529" 2 2 2.2 0 1 0
"530" 2 2 6.5 0 0 1
"531" 2 2 4.2 0 0 1
"532" 3 1 3.1 0 0 1
"533" 2 0 3.4 0 1 1
"534" 2 2 3.8 0 1 1
"535" 2 0 6.5 0 1 0
"536" 3 0 4.5 0 1 0
"537" 3 0 5.1 0 0 1
"539" 2 0 4.9 0 1 1
"540" 2 2 2.8 0 0 1
"541" 2 1 3.7 0 1 1
"542" 4 2 2.6 0 1 1
"543" 3 0 3.2 0 1 1
"544" 3 2 3.2 0 0 1
"545" 1 0 5 0 0 0
"546" 2 1 3.9 0 1 1
"547" 1 2 3 0 1 1
"548" 2 1 6.4 0 1 1
"549" 3 1 3.6 0 1 0
"550" 1 1 2.4 0 1 1
"551" 2 1 4.5 1 1 1
"552" 2 0 4.8 1 0 0
"553" 3 2 3.4 1 1 0
"554" 3 2 4.3 0 0 0
"556" 1 0 3.4 1 1 1
"557" 2 0 4 1 1 0
"558" 4 2 4.6 1 0 0
"560" 2 1 3.6 1 0 0
"561" 3 1 7.1 0 0 0
"562" 4 2 4.3 0 1 1
"563" 2 1 4.6 0 1 1
"565" 4 2 5.3 0 0 0
"566" 2 0 3.9 0 0 1
"567" 1 1 3.6 0 0 1
"568" 3 1 2.8 0 1 1
"569" 2 0 4.4 0 1 1
"570" 3 2 4.6 0 0 1
"572" 1 0 7.5 0 0 1
"573" 3 1 2.4 0 0 0
"575" 2 1 3.3 0 1 1
"577" 2 2 1.8 0 1 0
"578" 2 2 4.1 0 0 1
"584" 4 2 7.8 1 1 0
"586" 1 1 6.6 0 0 1
"587" 2 2 3.1 0 1 0
"589" 1 0 6.3 1 1 0
"590" 2 2 3.9 1 1 1
"591" 2 0 4.3 1 0 1
"594" 2 1 4.7 0 0 1
"595" 1 1 2.1 0 0 1
"596" 3 0 3.3 0 1 0
"597" 0 0 2.6 0 1 1
"598" 0 1 2.3 0 1 1
"599" 2 2 4.3 0 1 1
"601" 2 0 2.2 0 1 0
"602" 1 1 4 0 0 1
"603" 3 1 4.1 0 1 1
"604" 1 1 3.9 0 1 1
"605" 2 0 4 0 0 1
"606" 3 0 2.8 0 0 1
"607" 3 2 3.6 0 0 0
"608" 3 0 8.8 0 0 0
"609" 2 1 4.3 0 0 1
"610" 3 2 3.4 0 0 1
"611" 1 0 4.9 0 0 1
"612" 4 1 7.9 0 0 1
"613" 2 0 5 0 0 0
"614" 2 2 3 0 0 0
"616" 4 1 6.5 1 0 1
"617" 3 2 5.6 0 0 1
"618" 2 1 2.5 1 1 0
"619" 3 1 2.6 1 1 0
"622" 1 0 1.9 1 1 0
"624" 1 0 1.9 1 1 1
"625" 4 2 8.3 0 0 0
"626" 3 1 5.1 0 1 1
"627" 2 1 4.1 0 0 1
"629" 2 2 2.8 0 0 0
"631" 1 1 3.9 0 1 1
"632" 3 0 4.9 0 0 0
"633" 1 0 4 0 0 1
"634" 3 1 2.3 0 0 1
"636" 3 1 3.9 0 0 0
"637" 2 2 4.2 0 1 1
"638" 3 1 4.2 0 1 0
"639" 2 1 3.4 0 0 1
"640" 2 0 3.4 0 0 0
"641" 2 2 5.4 0 1 1
"642" 1 1 5.1 0 0 1
"643" 1 1 2.8 0 1 1
"644" 1 0 3.8 0 0 0
"645" 3 2 4.7 0 1 1
"646" 3 0 6.3 1 0 0
"647" 2 0 2.9 1 1 1
"648" 1 0 2.4 1 1 1
"649" 4 2 2.3 1 0 1
"650" 1 1 3.6 1 0 0
"651" 2 0 6.7 0 1 0
"652" 1 2 3.6 0 0 0
"653" 2 2 2.2 1 1 1
"654" 3 0 3.9 1 1 0
"655" 2 0 4.6 1 1 1
"656" 1 1 3.4 1 1 1
"659" 2 1 3.6 0 0 1
"660" 3 1 4 0 1 1
"661" 3 1 4.3 0 0 1
"662" 1 0 5.3 0 1 0
"663" 3 1 3.2 0 1 0
"664" 3 0 5.5 0 0 0
"665" 2 0 3.1 0 0 0
"666" 3 1 4.1 0 1 1
"667" 1 1 4.5 0 1 1
"669" 4 2 7.8 0 0 0
"670" 2 1 4.3 0 0 1
"671" 1 0 2.9 0 0 1
"672" 2 0 2 0 1 1
"673" 2 0 3 0 0 1
"675" 1 0 3.7 0 0 1
"677" 3 2 2.7 0 0 1
"679" 4 1 7.8 1 1 0
"680" 2 0 3.5 1 1 1
"682" 3 0 5.3 1 0 1
"683" 1 0 3 1 0 0
"684" 2 1 7.3 0 0 1
"685" 2 0 7 1 0 0
"686" 2 0 6.3 1 0 0
"688" 3 1 3.3 1 1 1
"692" 2 2 2.4 0 0 1
"693" 3 2 2.4 0 1 1
"694" 3 1 3 0 0 0
"696" 3 0 2.7 0 0 0
"697" 1 1 4.4 0 1 0
"698" 2 2 4.3 0 0 1
"699" 3 0 4.1 0 1 1
"700" 3 0 3.3 0 1 0
"701" 2 0 3.4 0 0 1
"702" 2 2 6.9 0 0 1
"703" 1 2 3.3 0 0 1
"704" 3 0 2.7 0 0 0
"705" 3 2 7.2 0 1 0
"706" 2 0 3.2 0 0 1
"707" 1 1 3.8 0 0 1
"709" 4 2 6.3 0 0 1
"710" 1 2 5.1 0 1 1
"711" 2 1 6.9 0 0 0
"712" 4 2 2.4 0 0 1
"714" 2 1 3 1 0 0
"715" 3 2 7.1 1 0 1
"718" 1 0 2.2 1 0 1
"720" 2 0 4.4 1 1 1
"721" 1 2 5.8 1 0 1
"722" 1 0 3 1 1 1
"723" 3 2 3.8 0 1 1
"724" 3 0 3.3 0 1 0
"725" 1 0 2.8 0 0 1
"726" 2 0 6 0 1 1
"727" 1 0 5.4 0 0 1
"728" 1 1 2.7 0 0 1
"729" 3 2 3.6 0 1 0
"731" 0 0 2.9 0 1 1
"732" 2 1 2.5 0 1 0
"733" 2 1 4 0 0 1
"734" 3 2 6.8 0 1 0
"735" 3 0 2.3 0 1 1
"736" 1 0 3.4 0 0 1
"737" 2 2 8.1 0 0 0
"739" 3 2 4.4 0 0 0
"740" 2 2 2.4 0 1 1
"741" 1 2 3.1 0 0 1
"742" 1 2 6.9 0 1 1
"743" 2 1 2 0 0 0
"746" 2 2 3.2 0 1 1
"747" 1 0 2.7 0 0 1
"748" 4 1 3.7 1 1 1
"749" 3 0 3.4 1 0 1
"750" 3 1 5.2 0 0 0
"751" 2 0 4.2 1 1 1
"752" 2 0 6.7 1 0 0
"753" 3 2 2.7 1 0 1
"754" 1 0 4.5 1 0 1
"755" 3 0 4.4 1 0 1
"756" 3 0 6.6 1 1 0
"758" 3 0 4.7 0 0 0
"759" 2 1 5.2 1 0 0
"763" 3 1 2.8 0 1 0
"764" 3 0 5.7 0 0 1
"766" 2 0 3.5 0 1 0
"767" 2 0 2.9 0 0 1
"768" 2 0 1.8 0 1 0
"769" 2 1 4.7 0 1 1
"770" 2 1 4.9 0 1 1
"771" 2 2 2.2 0 0 1
"772" 2 2 6.6 0 0 0
"773" 4 2 7.5 0 0 1
"774" 2 1 2.7 0 0 1
"775" 1 0 4.1 0 0 1
"776" 1 1 1.8 0 0 0
"777" 1 0 4.3 0 0 1
"778" 3 1 2.8 1 0 1
"779" 3 1 1.9 1 1 0
"780" 3 1 4.6 1 1 0
"781" 3 2 2.9 1 0 1
"782" 3 0 3.7 0 1 1
"783" 2 0 5.1 0 0 0
"784" 4 2 3.2 0 0 0
"785" 2 0 4.1 1 1 1
"787" 2 1 4.4 1 0 1
"788" 2 1 3 0 0 1
"789" 3 0 4.7 0 0 1
"791" 3 2 7.8 0 1 1
"792" 3 1 5.6 0 1 0
"793" 3 1 3.5 0 1 1
"794" 3 1 3.1 0 0 1
"795" 1 0 6 0 1 1
"796" 1 1 4.6 0 1 1
"797" 2 2 7.3 0 1 0
"798" 2 2 3.7 0 0 1
"799" 2 0 1.9 0 0 1
"800" 1 0 8 0 0 1
"801" 2 2 4.3 0 0 1
"802" 2 2 3.1 0 1 0
"803" 2 2 6.7 0 1 1
"804" 1 2 3 0 1 1
"806" 4 2 4.1 0 0 1
"809" 3 0 4 1 1 1
"810" 2 0 4.2 1 1 1
"811" 1 1 3.3 1 0 1
"813" 2 0 2.5 0 1 1
"814" 2 1 1.9 0 1 1
"815" 1 1 5.1 0 1 1
"816" 2 1 2.4 1 1 1
"817" 1 0 3.3 1 0 0
"818" 3 2 4.1 1 0 1
"819" 3 2 3.1 0 0 1
"821" 4 2 5.8 1 0 1
"822" 2 1 4.2 0 1 1
"823" 4 2 8.1 0 0 0
"824" 2 1 2.8 0 1 0
"825" 3 2 3.6 0 0 1
"826" 3 2 2.7 0 1 1
"827" 2 0 8.3 0 0 1
"828" 3 2 4.5 0 1 1
"830" 3 2 6.4 0 0 0
"832" 2 0 3 0 0 0
"833" 2 0 3.6 0 1 1
"834" 1 2 7.6 0 0 0
"835" 4 2 3.7 0 1 1
"836" 3 0 6.6 0 1 0
"837" 2 2 6.1 0 0 0
"840" 2 0 7 0 0 1
"845" 2 1 2.9 1 1 1
"846" 3 2 4.8 1 0 1
"849" 3 0 2 0 1 0
"851" 1 0 2.8 0 1 1
"853" 2 0 2 1 0 0
"854" 2 2 1.8 1 1 0
"855" 3 0 4.4 0 1 1
"856" 3 0 5.8 0 0 0
"857" 3 0 4.3 0 0 0
"859" 2 2 4.3 0 0 1
"860" 2 0 2.1 0 1 1
"861" 1 0 4.9 0 1 1
"862" 1 0 2.8 0 0 0
"863" 3 2 2.9 0 1 0
"864" 3 1 2.8 0 1 1
"865" 2 2 4.7 0 1 0
"866" 4 2 4.1 0 1 1
"867" 3 0 6.9 0 1 0
"868" 2 1 3.9 0 0 1
"869" 1 0 3.5 0 0 1
"870" 2 0 7 0 0 0
"871" 3 0 6.6 0 0 0
"872" 2 0 2.8 0 1 1
"873" 3 1 5.9 0 0 0
"874" 2 1 8.3 0 1 1
"875" 4 2 4.4 1 0 1
"876" 4 2 2.6 1 0 0
"877" 3 2 1.9 1 1 1
"878" 3 1 4.6 0 1 1
"879" 3 1 4 0 0 0
"880" 2 0 4.7 0 1 1
"881" 2 2 6.2 1 0 1
"882" 4 2 6.8 1 0 0
"883" 1 2 7 1 1 1
"884" 3 0 4.3 1 0 1
"885" 2 0 4 1 1 1
"886" 2 0 4.9 1 0 1
"887" 2 0 2.4 1 1 0
"888" 2 0 4 1 0 0
"891" 2 0 3.8 1 0 1
"892" 2 2 3.2 0 0 1
"893" 3 0 5.6 0 0 1
"894" 2 1 3.7 0 1 1
"895" 3 0 4.1 0 0 1
"896" 2 0 3.4 0 1 1
"897" 3 2 4.7 0 1 1
"899" 2 2 3.7 0 1 1
"900" 3 0 3.1 0 1 0
"901" 3 1 1.8 0 1 1
"902" 2 1 7.5 0 1 1
"903" 3 2 4.5 0 0 0
"904" 1 0 4 0 0 1
"905" 3 1 6.1 0 0 1
"906" 1 2 4 0 1 1
"907" 0 1 4.9 0 0 1
"908" 3 0 3.8 0 0 1
"909" 1 1 5.3 0 1 1
"910" 1 1 3.4 0 1 0
"911" 1 2 2.8 0 1 1
"912" 2 1 3.3 0 1 1
"913" 3 0 3.8 0 1 1
"915" 1 2 6 1 1 1
"916" 2 1 2.2 1 0 1
"917" 4 1 7.6 1 1 0
"918" 3 2 2.3 1 1 0
"919" 2 2 5.1 1 0 1
"920" 3 2 4.2 1 0 0
"921" 3 1 2.7 0 1 1
"923" 3 0 3.9 0 0 0
"925" 2 0 4.1 0 0 1
"926" 3 1 2.7 0 1 0
"928" 3 1 7.6 0 0 0
"929" 3 2 1.9 0 0 0
"930" 3 2 3.1 0 0 0
"931" 2 1 5.4 0 0 1
"932" 3 0 3.9 0 0 1
"933" 3 1 4.7 0 0 1
"934" 2 2 5.5 0 1 0
"935" 3 0 2.1 0 0 1
"936" 3 2 5 0 0 1
"937" 1 2 4.8 0 1 0
"938" 3 1 3.7 0 0 0
"939" 2 1 4.4 0 1 1
"940" 3 2 3 0 0 1
"941" 3 1 3 1 0 0
"942" 2 0 4 1 1 0
"943" 3 0 2.3 1 0 1
"944" 2 0 2.8 0 1 0
"946" 3 0 2.4 0 0 1
"947" 1 2 4.2 0 1 1
"948" 2 1 3.2 1 1 1
"949" 1 1 4.1 1 0 1
"950" 3 2 3.5 1 0 1
"951" 1 0 7.9 1 1 0
"952" 2 1 4 1 0 1
"953" 2 1 3.5 1 1 0
"954" 2 1 3.9 0 1 1
"955" 4 2 5.7 0 0 0
"956" 3 2 4.8 0 0 1
"957" 3 1 8 0 0 1
"958" 4 2 5 0 1 1
"960" 3 0 4.2 0 0 1
"961" 3 0 2.7 0 0 0
"963" 3 2 4.7 0 1 0
"964" 2 0 4.4 0 0 0
"965" 2 2 2.4 0 1 1
"966" 2 1 7.6 0 1 0
"969" 3 0 3.1 0 1 1
"970" 2 0 3.7 0 0 1
"971" 2 0 5.2 0 1 1
"972" 2 1 5 0 0 1
"973" 2 1 2.1 0 1 0
"974" 1 1 2.7 0 0 1
"975" 4 1 5.5 1 1 0
"976" 1 2 4.8 1 1 1
"977" 4 1 5.5 1 0 0
"978" 3 0 3.3 1 1 0
"979" 3 0 3.7 0 1 1
"980" 4 2 2.7 0 0 0
"982" 3 1 5 1 1 1
"984" 2 1 3.6 0 0 1
"985" 1 0 6 0 0 1
"986" 2 1 4.7 0 0 0
"987" 1 0 4.6 0 0 1
"988" 0 2 8.4 0 0 0
"989" 4 1 7.9 0 0 1
"990" 1 1 4.7 0 1 0
"991" 3 2 5.2 0 0 0
"992" 3 0 4.8 0 0 0
"993" 2 2 3.5 0 0 0
"994" 2 0 2.6 0 1 1
"995" 3 1 3.8 0 0 1
"996" 3 1 4.7 0 0 0
"997" 3 2 4.9 0 0 1
"999" 1 0 6.6 0 1 1
"1000" 1 1 2.6 0 0 1
"1001" 3 1 7.2 0 1 0
"1002" 1 0 4.1 0 1 1
"1003" 3 1 3.5 0 1 1
"1004" 3 0 5.6 0 1 1
"1005" 2 0 3.7 0 0 0
"1008" 1 1 6.3 1 1 0
"1009" 4 2 3.4 1 0 0
"1011" 3 2 7 0 0 0
"1014" 0 0 6.4 1 1 0
"1017" 1 1 2.8 0 0 1
"1018" 1 0 7.6 1 1 1
"1019" 2 1 6.3 0 0 0
"1020" 4 2 6.7 0 0 0
"1021" 1 1 4.3 0 0 1
"1023" 3 0 6.7 0 0 0
"1024" 2 1 2.5 0 1 1
"1025" 4 2 6 0 0 0
"1026" 3 2 3.1 0 1 1
"1027" 2 0 3.2 0 0 0
"1030" 2 1 6.9 0 0 0
"1033" 2 2 4.9 0 1 1
"1034" 1 1 2.5 0 0 1
"1035" 3 1 4.8 0 1 1
"1037" 2 0 3.8 1 1 1
"1038" 2 0 2.7 0 1 0
"1039" 3 1 3.7 0 1 1
"1040" 4 2 3.9 0 1 1
"1041" 4 1 6.6 1 0 0
"1043" 4 2 3.3 1 1 0
"1044" 0 1 3 0 1 1
"1046" 1 1 4.9 1 0 1
"1047" 2 0 4.2 0 1 1
"1048" 3 1 7.1 0 0 0
"1049" 4 2 5.3 0 1 1
"1050" 1 1 2.9 0 0 1
"1052" 2 1 4.8 0 0 0
"1053" 1 1 5.2 0 1 0
"1054" 1 1 3 0 0 1
"1055" 3 2 2.3 0 1 0
"1056" 2 1 2.4 0 0 1
"1057" 1 2 2.7 0 1 1
"1058" 2 1 4.2 0 0 1
"1059" 1 0 3.3 0 1 1
"1060" 3 0 3.9 0 0 0
"1061" 2 2 5.5 0 1 1
"1063" 3 1 2.5 0 1 1
"1064" 1 1 4.5 0 1 1
"1065" 4 2 5.5 0 1 0
"1066" 3 1 3.6 0 0 0
"1068" 2 1 2.1 1 1 0
"1069" 4 1 2.8 1 1 0
"1070" 2 1 2.6 1 0 0
"1071" 2 0 2.8 1 0 1
"1073" 4 2 4.3 0 0 0
"1074" 2 1 3.5 1 1 1
"1079" 2 0 3.9 1 1 1
"1080" 2 0 3.8 1 0 1
"1081" 2 2 5 0 1 1
"1082" 2 1 3.3 0 1 1
"1083" 3 2 5.9 0 0 1
"1084" 4 1 7.7 0 0 0
"1085" 4 2 3.6 0 1 0
"1086" 1 1 5.7 0 0 1
"1087" 2 2 5.1 0 0 0
"1088" 1 0 3.1 0 0 1
"1089" 2 2 3.7 0 0 1
"1090" 4 1 6.6 0 0 0
"1091" 0 1 4.7 0 1 1
"1092" 2 1 2.9 0 1 1
"1093" 3 0 3.5 0 0 0
"1094" 1 0 2.8 0 0 0
"1095" 3 2 2.2 0 0 1
"1096" 2 0 3 0 1 0
"1098" 3 2 4 0 0 0
"1100" 2 2 6.8 1 1 1
"1103" 2 1 4.5 0 1 0
"1104" 3 0 4.2 1 0 1
"1106" 2 1 3.5 1 1 0
"1107" 4 2 2.6 1 0 0
"1109" 3 2 3.3 0 0 0
"1110" 3 0 3.9 0 1 1
"1111" 2 1 3.3 0 0 1
"1112" 3 0 5.5 0 0 0
"1113" 3 1 4.4 0 0 0
"1114" 3 1 4.1 0 1 0
"1115" 3 1 3.2 0 0 0
"1116" 1 2 5.3 0 1 1
"1117" 2 1 5.7 0 0 1
"1118" 3 2 4.7 0 1 1
"1119" 3 0 3.2 0 0 0
"1120" 3 2 4.5 0 0 0
"1121" 2 0 6.9 0 1 0
"1122" 3 1 7 0 1 0
"1124" 1 0 4.2 0 1 1
"1125" 2 2 4.7 0 1 0
"1126" 3 0 3.1 0 1 1
"1127" 2 0 4 0 0 0
"1128" 3 1 4.1 0 1 0
"1129" 1 2 3.9 0 0 1
"1131" 2 2 3.6 1 0 1
"1132" 3 2 2.8 1 1 1
"1133" 1 0 1.9 1 0 0
"1134" 3 0 2.7 1 0 1
"1135" 4 2 5 0 0 0
"1136" 4 2 4.4 1 0 1
"1137" 1 2 3.5 1 0 1
"1138" 3 1 3.6 1 1 0
"1139" 2 2 3.5 1 0 0
"1141" 3 0 2.8 0 0 1
"1142" 3 2 5.3 0 0 1
"1144" 4 2 1.8 1 0 0
"1145" 2 2 4 0 1 1
"1146" 3 0 5.4 0 0 1
"1147" 1 1 4.5 0 1 1
"1148" 3 2 2.8 0 0 1
"1149" 4 2 4.1 0 0 1
"1150" 3 1 6.1 0 1 0
"1151" 2 2 3.5 0 0 1
"1152" 3 1 4 0 0 0
"1153" 4 2 7.7 0 1 0
"1154" 4 2 3.3 0 0 0
"1155" 3 1 3.4 0 1 1
"1156" 3 0 2.8 0 1 1
"1157" 2 0 2.7 0 1 1
"1158" 3 1 4.1 0 1 1
"1159" 2 0 3.3 0 1 1
"1160" 3 1 3.3 0 1 1
"1161" 1 1 3.2 0 0 0
"1164" 3 1 2.5 1 0 1
"1165" 2 0 3.6 1 0 1
"1166" 4 2 3.1 1 0 1
"1167" 3 1 6.7 1 0 1
"1168" 4 2 3.9 1 0 0
"1169" 4 1 4.9 0 1 0
"1170" 1 0 2 1 0 1
"1171" 3 1 3.1 1 0 1
"1172" 3 1 3.3 1 0 0
"1174" 2 0 7.2 0 0 0
"1176" 0 1 2.9 0 0 1
"1177" 2 2 6.8 0 0 1
"1178" 3 1 6 0 0 0
"1179" 4 1 7.1 0 0 0
"1180" 2 1 6.1 0 0 0
"1181" 3 2 3.4 0 1 1
"1182" 1 2 2.7 0 0 1
"1183" 2 1 3.6 0 0 0
"1184" 1 0 5.1 0 1 0
"1185" 3 1 3.2 0 1 0
"1186" 3 1 3.6 0 1 0
"1187" 3 0 4.9 0 0 1
"1188" 3 1 6.6 0 0 1
"1189" 4 2 7.3 0 0 0
"1190" 3 1 4.8 0 0 0
"1191" 0 0 3.5 0 1 1
"1192" 2 0 3.7 0 1 0
"1193" 3 0 4 0 0 0
"1194" 2 1 2.4 0 0 1
"1195" 2 2 2.3 0 1 1
"1196" 3 1 4.5 0 0 1
"1198" 2 0 3.5 1 0 1
"1201" 2 0 4 1 0 1
"1202" 1 2 4.6 1 0 0
"1203" 1 1 4.6 1 0 0
"1204" 3 2 4.3 1 1 1
"1205" 1 1 2.5 0 1 1
"1208" 3 0 3.5 0 0 1
"1209" 3 1 4.2 0 1 0
"1210" 4 2 3.7 0 1 1
"1211" 3 1 2.5 0 0 1
"1212" 3 0 5.2 0 0 0
"1213" 1 0 4.8 0 1 0
"1214" 3 2 2.7 0 0 0
"1215" 3 0 6.7 0 0 1
"1216" 1 1 4.8 0 0 0
"1218" 2 2 3.9 0 1 1
"1219" 3 2 3.1 0 1 0
"1220" 1 1 2.6 0 1 1
"1221" 3 1 3.7 0 0 1
"1222" 1 1 2.3 0 0 1
"1223" 3 0 3.7 0 0 0
"1225" 2 0 3.2 0 1 0
"1226" 2 1 4.5 0 0 1
"1227" 3 1 3.8 0 0 1
"1228" 3 1 3.5 0 1 0
"1229" 3 0 3 0 1 0
"1230" 2 0 3.3 0 0 1
"1231" 3 0 2.5 0 1 1
"1232" 3 0 2.9 0 1 0
"1234" 1 2 4.7 1 0 1
"1235" 3 1 3 1 1 1
"1236" 3 2 4.8 1 0 0
"1237" 2 1 2.8 1 0 1
"1239" 2 1 3.2 0 1 0
"1241" 4 2 6.4 1 0 0
"1244" 2 1 1.8 1 0 0
"1245" 2 1 8.5 1 0 0
"1246" 2 0 4.3 0 1 1
"1247" 3 0 7 0 0 0
"1248" 3 0 3.1 0 0 1
"1249" 1 2 3.9 0 1 1
"1250" 4 1 4.9 0 0 0
"1251" 1 1 5.9 0 0 1
"1252" 3 1 1.9 0 0 1
"1254" 2 1 4.1 0 1 1
"1255" 2 0 2.1 0 0 0
"1257" 1 1 3.1 0 0 1
"1258" 1 0 3.4 0 0 1
"1259" 3 0 4.2 0 1 1
"1260" 2 1 4.5 0 0 0
"1261" 3 1 6.8 0 0 0
"1262" 3 2 4.5 0 1 0
"1263" 2 2 1.8 0 1 0
"1264" 3 1 3.3 0 1 1
"1265" 1 1 2.9 0 0 1
"1267" 2 0 7.3 0 0 0
"1268" 3 1 5.2 0 0 1
"1269" 2 0 1.8 0 0 0
"1270" 2 0 2.7 0 0 0
"1273" 2 1 3.4 1 0 1
"1274" 1 1 3.6 0 1 1
"1277" 3 1 5.6 1 1 0
"1278" 3 1 3.6 1 0 0
"1280" 1 2 4.8 0 0 1
"1281" 2 0 3.6 0 0 1
"1283" 2 0 6.5 0 1 1
"1284" 2 0 3.7 0 0 1
"1285" 4 2 2.1 0 1 0
"1286" 2 1 2.1 0 0 1
"1287" 2 0 2.2 0 0 1
"1288" 3 1 3.1 0 0 1
"1289" 4 1 7.8 0 0 0
"1291" 2 2 3 0 0 1
"1292" 3 1 2 0 1 0
"1293" 2 1 3.8 0 1 0
"1294" 2 1 2.9 0 0 0
"1295" 1 0 4.5 0 0 1
"1296" 2 2 3.2 0 0 1
"1298" 3 1 3.3 0 0 0
"1299" 3 1 3.8 0 1 1
"1300" 3 1 3.3 0 0 0
"1301" 3 0 5.7 0 1 0
"1302" 1 2 4.1 0 0 1
"1303" 1 1 4.9 0 0 1
"1304" 2 1 4.5 0 1 1
"1305" 3 0 4.3 0 0 1
"1306" 3 0 5.8 0 0 1
"1307" 4 2 6.8 0 0 0
"1309" 1 2 4.7 0 0 1
"1311" 1 1 3.5 0 1 1
"1312" 1 1 3.1 1 0 1
"1313" 2 2 3.6 1 1 1
"1314" 4 2 2.3 1 0 0
"1315" 2 0 4.1 0 1 1
"1316" 2 0 2.6 0 0 1
"1317" 1 0 4.7 1 1 0
"1318" 2 0 4.5 1 1 0
"1319" 4 2 7 1 0 0
"1320" 3 0 2.9 1 1 0
"1321" 2 2 4.3 1 0 0
"1322" 2 1 3.6 1 1 1
"1323" 4 1 3.1 1 1 0
"1324" 3 1 2.2 1 1 0
"1326" 1 0 5.4 0 1 0
"1327" 3 0 2 0 0 1
"1328" 3 1 2.3 0 0 1
"1329" 3 1 4.5 0 0 1
"1330" 3 2 1.8 0 0 0
"1331" 2 1 5.6 0 0 1
"1332" 1 1 2.6 0 1 1
"1333" 0 1 6.5 0 0 0
"1334" 2 0 4.4 0 1 0
"1335" 2 2 3.9 0 1 0
"1336" 4 2 5.4 0 0 0
"1337" 3 1 4 0 1 0
"1339" 3 2 5.7 0 0 1
"1340" 2 1 2.5 0 1 1
"1341" 1 0 4.2 0 0 1
"1342" 2 0 3.5 0 1 0
"1343" 3 2 2.7 0 1 1
"1344" 3 1 3.3 0 0 0
"1346" 2 1 4.6 0 0 1
"1347" 3 1 7.7 0 0 1
"1348" 2 1 2.2 0 0 1
"1349" 2 1 5 0 0 1
"1350" 3 1 2.7 0 0 1
"1351" 2 1 2.9 0 1 1
"1352" 1 1 3.2 0 1 1
"1354" 2 2 6 0 1 1
"1357" 0 1 3.3 1 0 0
"1358" 4 2 3.1 1 0 0
"1359" 2 1 2.3 1 0 1
"1360" 2 1 7.5 1 0 0
"1361" 1 1 6.5 0 0 1
"1363" 3 1 2.8 1 1 1
"1364" 2 1 4.3 1 0 1
"1365" 3 2 3.5 1 1 1
"1366" 2 1 6.6 1 1 1
"1367" 2 2 2.6 0 1 0
"1368" 3 2 3.4 0 0 0
"1369" 3 2 4.6 0 1 0
"1370" 3 1 2.4 0 0 0
"1371" 2 2 1.8 0 0 0
"1373" 4 2 3.1 0 0 1
"1376" 3 0 3.5 0 0 0
"1377" 1 0 4.4 0 0 1
"1379" 2 0 6.4 0 0 0
"1380" 3 0 3.7 0 1 0
"1381" 2 0 4.2 0 0 0
"1382" 2 0 3.5 0 0 0
"1383" 4 2 5.5 0 0 0
"1384" 1 2 2.2 0 1 1
"1385" 2 2 2.9 0 0 1
"1386" 2 1 2.1 0 1 0
"1387" 3 1 3.5 0 0 1
"1388" 3 1 6.9 0 0 1
"1389" 2 0 3.2 0 1 1
"1390" 2 1 2.3 0 0 1
"1392" 4 2 7.7 0 0 0
"1393" 3 0 6.4 0 0 0
"1394" 4 1 7.6 0 0 1
"1396" 2 0 2.9 1 1 1
"1397" 4 2 3.8 1 1 1
"1398" 2 0 5 1 0 1
"1399" 4 2 6.3 1 0 0
"1401" 4 2 3.8 1 0 0
"1403" 3 0 5.5 1 0 0
"1404" 2 0 4.1 1 1 1
"1405" 1 0 7.3 1 1 1
"1406" 3 2 3.8 1 0 1
"1407" 2 2 1.8 1 1 0
"1408" 1 0 2.1 0 0 1
"1409" 1 1 2.5 0 0 1
"1410" 3 2 3.5 0 1 1
"1411" 2 2 6.2 0 0 0
"1412" 2 2 3.7 0 0 0
"1413" 4 2 2.1 0 1 0
"1414" 3 1 2.5 0 0 0
"1416" 2 0 3 0 0 1
"1417" 2 1 2.6 0 0 1
"1418" 2 1 1.9 0 0 0
"1419" 2 1 4.3 0 0 1
"1420" 1 0 2.6 0 1 1
"1421" 1 1 3.9 0 0 0
"1422" 1 0 3.1 0 0 1
"1423" 1 0 4.7 0 0 1
"1424" 2 2 3.4 0 0 1
"1425" 1 1 3 0 1 1
"1426" 2 1 6.6 0 0 0
"1428" 3 0 3.8 0 0 1
"1429" 2 1 7.5 0 0 1
"1430" 1 0 2.3 0 1 1
"1431" 2 0 3.2 0 0 1
"1432" 3 2 5.1 0 1 1
"1433" 0 1 7.1 0 1 1
"1434" 1 1 4 0 1 1
"1435" 3 1 7.3 0 0 1
"1436" 1 2 1.8 0 1 1
"1437" 2 0 2.5 0 0 1
"1438" 1 1 1.9 0 1 1
"1439" 3 2 3.3 0 1 1
"1440" 2 0 3.5 0 1 0
"1443" 2 2 3.5 1 1 0
"1444" 0 0 3.3 0 0 1
"1445" 4 2 6.9 1 1 0
"1446" 2 0 8.2 1 0 0
"1447" 3 1 3.2 1 1 0
"1448" 2 0 4.2 1 1 0
"1449" 3 2 5.5 0 1 1
"1450" 2 1 4.4 0 1 1
"1451" 3 0 2 0 0 0
"1452" 2 2 4.8 0 0 1
"1453" 2 2 4.3 0 0 1
"1454" 1 0 3.5 0 1 1
"1455" 2 2 3.4 0 0 1
"1456" 3 1 7.6 0 1 0
"1457" 2 1 3.4 0 0 1
"1458" 3 2 5.1 0 0 0
"1459" 3 2 5.6 0 0 0
"1460" 2 0 5.5 0 0 0
"1461" 2 1 4.7 0 1 0
"1462" 4 2 5.7 0 0 1
"1463" 4 2 8 0 0 1
"1464" 2 0 4.3 0 0 0
"1466" 2 1 2.3 0 1 0
"1467" 0 1 5.2 0 0 1
"1468" 1 2 2.6 0 1 1
"1470" 2 2 2.3 0 0 1
"1471" 3 0 2.1 0 1 0
"1472" 4 1 6.3 0 0 0
"1474" 3 1 6.4 0 1 0
"1478" 3 2 7.4 1 1 1
"1479" 3 1 2.5 1 1 0
"1480" 2 1 3 0 0 1
"1481" 1 0 3.2 1 0 1
"1482" 3 0 7.8 1 0 0
"1483" 1 1 2.6 1 1 1
"1485" 4 1 3.5 1 1 1
"1486" 2 1 3.8 1 0 1
"1487" 2 1 6.3 0 0 1
"1489" 3 1 5.2 0 1 1
"1490" 2 0 8.3 0 0 1
"1491" 0 1 4.3 0 0 0
"1492" 3 1 4 0 1 0
"1493" 3 2 4 0 1 1
"1496" 2 0 3.2 0 1 0
"1497" 3 1 2.1 0 1 1
"1498" 3 1 3 0 1 1
"1499" 3 2 3.9 0 1 1
"1500" 3 0 2.6 0 0 1
"1503" 1 1 3.6 0 0 1
"1504" 3 0 4.8 0 0 0
"1505" 2 1 2.8 0 0 1
"1506" 1 2 4.4 1 1 1
"1507" 3 2 5.2 1 1 1
"1508" 3 0 8.8 1 0 1
"1509" 4 2 6.6 1 1 0
"1510" 4 2 5.7 0 0 0
"1511" 4 2 3.9 1 0 0
"1515" 2 2 3.3 1 1 1
"1516" 1 0 3 1 1 1
"1517" 1 1 4.8 0 1 1
"1518" 2 2 5.4 0 0 1
"1520" 3 2 2.3 0 0 1
"1522" 4 2 3.5 0 1 1
"1523" 3 2 3.3 0 0 0
"1524" 4 2 6.9 0 0 0
"1526" 3 1 3.1 0 1 1
"1527" 2 2 6 0 1 1
"1528" 3 0 2.5 0 1 0
"1530" 3 0 4.4 0 1 0
"1531" 2 2 2.5 0 1 0
"1532" 3 1 4 0 0 1
"1533" 2 2 2.6 0 1 0
"1535" 3 1 2.2 0 0 1
"1536" 2 1 2.1 0 1 1
"1537" 3 1 6.7 0 1 1
"1538" 2 1 2.6 0 0 1
"1539" 3 2 2.9 1 0 0
"1540" 3 1 3.5 1 0 0
"1541" 3 0 2.6 1 0 0
"1542" 3 2 6.9 0 1 0
"1543" 4 2 4.4 0 1 1
"1545" 1 0 5.5 1 1 1
"1546" 3 2 3.2 1 1 0
"1547" 4 2 7.2 0 1 1
"1548" 3 0 7.1 0 1 0
"1549" 3 1 6.4 0 1 1
"1550" 3 0 3.9 0 0 1
"1551" 3 0 4.6 0 1 1
"1553" 3 1 6.4 0 0 0
"1554" 3 2 4.3 0 0 1
"1555" 3 0 4.5 0 0 0
"1556" 2 0 5 0 1 0
"1557" 4 2 3 0 0 1
"1558" 3 0 4.8 0 1 0
"1559" 3 2 6.8 0 0 0
"1560" 2 1 2.7 0 0 0
"1561" 2 0 2.3 0 0 1
"1563" 1 0 2.8 0 1 0
"1564" 2 1 3.3 0 0 0
"1565" 1 0 3.5 0 1 1
"1566" 3 2 6.1 0 1 0
"1567" 3 0 2.8 0 0 0
"1568" 3 1 3.3 0 0 1
"1569" 2 1 2 0 0 0
"1570" 1 0 3.8 1 1 1
"1571" 3 1 4.8 1 0 0
"1573" 4 2 3.4 0 1 0
"1575" 2 0 3.6 1 1 1
"1576" 1 0 2.3 1 1 1
"1580" 1 0 5.2 0 1 1
"1581" 4 2 6.8 0 1 1
"1582" 1 0 4.2 0 0 1
"1583" 3 2 3.3 0 1 1
"1585" 2 0 2.3 0 0 0
"1586" 1 0 4.1 0 1 1
"1587" 3 0 8 0 1 0
"1588" 3 1 5.8 0 0 1
"1589" 3 0 2 0 0 1
"1590" 3 1 4.2 0 0 1
"1591" 1 0 3.4 0 0 1
"1592" 1 1 4.6 0 0 1
"1594" 1 0 3.9 0 1 1
"1595" 3 1 3.4 0 1 1
"1596" 1 1 2.6 0 1 0
"1598" 3 2 2.7 1 1 1
"1599" 2 2 3.7 1 0 1
"1601" 2 1 4 0 1 1
"1602" 0 0 2.9 1 0 1
"1603" 1 1 2.1 1 0 0
"1604" 4 2 5.6 1 0 1
"1605" 1 1 4.2 1 0 1
"1606" 0 1 2.8 1 1 0
"1607" 1 2 4.9 1 0 0
"1608" 1 0 3.3 1 1 1
"1609" 2 0 4.3 0 1 0
"1610" 2 0 7.5 0 1 1
"1612" 3 1 4.9 0 1 0
"1613" 3 2 4.8 0 0 0
"1614" 2 2 3.7 0 1 1
"1615" 4 2 3.3 0 1 1
"1616" 3 2 2.3 0 1 0
"1617" 3 1 3.2 0 0 0
"1618" 2 0 3.2 0 1 1
"1619" 3 0 3.6 0 1 0
"1620" 2 1 3.1 0 0 0
"1621" 3 0 3.6 0 1 0
"1622" 1 0 5.1 0 1 0
"1623" 2 0 3.4 0 0 0
"1624" 1 1 3.4 0 1 0
"1626" 3 1 3.4 0 0 1
"1627" 2 0 5.9 0 0 1
"1628" 3 2 3.3 0 1 1
"1629" 1 0 4.1 0 1 1
"1630" 3 0 7.2 0 1 0
"1631" 2 1 1.8 0 1 0
"1632" 2 2 3.6 1 1 1
"1633" 3 0 8.1 1 1 0
"1634" 4 1 3.2 0 1 0
"1636" 2 0 6.2 0 1 0
"1638" 2 0 2.5 1 1 1
"1639" 2 0 3.6 1 0 1
"1640" 3 1 6.9 1 0 0
"1641" 2 1 5.9 1 0 1
"1642" 4 2 7.5 1 1 1
"1643" 2 0 4.5 0 0 1
"1644" 2 1 3.1 0 1 0
"1645" 1 2 3.3 0 0 0
"1648" 2 0 3.2 0 0 0
"1649" 2 2 3.3 0 1 1
"1650" 2 2 2.2 0 1 0
"1651" 3 2 2.9 0 0 0
"1652" 2 0 3.5 0 0 0
"1653" 4 2 5 0 1 0
"1654" 1 1 4 0 1 1
"1655" 2 1 6.7 0 0 1
"1657" 3 1 6.6 0 1 1
"1658" 3 1 4.1 0 1 0
"1659" 2 0 4.1 0 0 1
"1661" 2 2 3.4 0 1 0
"1662" 4 2 2.8 0 1 0
"1663" 3 1 5.3 1 1 1
"1664" 0 0 3.5 1 1 1
"1666" 4 2 6.3 0 0 1
"1669" 2 2 3.6 0 0 0
"1670" 0 0 4.2 0 1 0
"1672" 3 1 3.3 0 0 1
"1673" 3 1 2.5 0 1 1
"1674" 3 2 3.5 0 0 0
"1675" 3 1 7.4 0 0 0
"1676" 1 0 5.3 0 1 1
"1677" 1 1 6.6 0 0 0
"1678" 1 1 2.9 0 1 1
"1679" 3 0 8 0 0 0
"1681" 3 0 8.4 0 0 0
"1683" 4 2 6.6 0 0 0
"1684" 3 0 6.7 0 0 0
"1685" 3 2 2.5 0 1 0
"1686" 2 1 4.1 0 1 1
"1687" 2 0 5.3 0 0 1
"1688" 1 2 4.1 0 1 1
"1689" 2 0 3.7 0 0 1
"1690" 2 0 5 0 1 1
"1692" 2 2 3.6 0 0 0
"1693" 3 2 2.2 0 0 0
"1694" 2 1 4 1 1 0
"1695" 1 1 2.7 1 0 1
"1697" 1 1 4.1 1 0 0
"1700" 3 1 3.5 0 0 1
"1701" 1 0 6.8 0 1 1
"1702" 1 2 4.1 1 1 1
"1703" 3 2 5.7 1 1 1
"1704" 3 0 4.1 1 0 1
"1705" 2 0 2.5 1 0 1
"1706" 2 1 4.2 0 0 0
"1707" 3 0 6.8 0 1 0
"1708" 1 1 3.5 0 1 0
"1709" 1 2 3.5 0 1 1
"1710" 2 2 2.8 0 1 1
"1711" 3 0 4 0 0 0
"1712" 2 2 2.8 0 0 1
"1713" 3 0 3.2 0 1 0
"1714" 4 2 5.2 0 1 1
"1715" 4 2 7 0 0 0
"1716" 2 1 6.9 0 0 1
"1717" 2 0 3.3 0 0 0
"1718" 3 2 4.7 0 0 0
"1719" 3 0 7 0 0 0
"1720" 2 0 3.1 0 1 1
"1721" 1 2 4.2 0 0 1
"1722" 3 1 3.6 0 1 0
"1724" 3 1 6.5 0 1 1
"1725" 2 2 3.5 0 1 1
"1726" 1 0 2.9 0 1 1
"1727" 2 2 2.9 0 0 1
"1729" 1 0 3.7 0 0 1
"1730" 3 0 4.8 0 0 1
"1731" 2 0 3 0 1 1
"1735" 3 0 6.2 0 1 1
"1736" 2 2 2.7 1 0 1
"1738" 2 0 4.3 1 0 1
"1740" 3 2 6.6 1 0 1
"1741" 3 2 3 0 0 0
"1742" 2 2 4.6 0 0 1
"1743" 2 1 2.1 1 0 0
"1744" 4 1 5.3 0 1 1
"1745" 3 1 5 0 1 1
"1746" 2 1 1.8 0 1 0
"1747" 3 0 8 0 0 1
"1748" 2 1 3 0 1 1
"1749" 2 1 5.5 0 1 0
"1751" 2 1 3.9 0 0 0
"1752" 2 1 2.6 0 0 1
"1753" 1 1 1.8 0 1 0
"1754" 2 2 2.8 0 0 0
"1755" 1 0 5.3 0 0 1
"1757" 3 2 6.1 0 0 1
"1758" 2 2 2.3 0 1 1
"1759" 2 0 4 0 1 0
"1760" 1 2 3.9 0 1 0
"1762" 1 0 7 0 1 1
"1763" 3 0 3.3 0 0 1
"1764" 3 1 7.3 0 1 1
"1765" 3 1 6.9 0 1 0
"1766" 2 1 7.8 0 0 1
"1767" 3 0 3.7 0 0 1
"1768" 0 2 7.6 0 1 0
"1769" 1 1 3.9 0 1 1
"1770" 2 2 3.4 0 0 1
"1773" 2 1 6.8 0 1 1
"1774" 3 2 2.3 0 0 1
"1775" 4 2 7.7 1 0 0
"1776" 2 0 4.2 1 0 1
"1778" 2 2 3.7 1 1 1
"1779" 2 2 6.2 1 0 0
"1780" 3 1 4.5 1 0 0
"1781" 3 0 5.3 0 0 0
"1782" 4 1 4.9 0 1 0
"1784" 2 2 3.6 0 0 0
"1785" 3 0 7.7 1 1 1
"1786" 2 2 5.5 1 1 1
"1787" 2 1 2.9 1 0 1
"1788" 2 1 2.9 0 0 1
"1789" 3 1 3.6 0 1 0
"1791" 3 0 3 0 0 1
"1793" 3 1 4 0 1 1
"1794" 3 1 6.4 0 1 0
"1795" 3 1 7.5 0 0 1
"1796" 3 0 5.3 0 0 0
"1798" 3 1 2.5 0 1 0
"1799" 2 1 5.6 0 0 0
"1800" 2 0 4.3 0 0 1
"1801" 3 0 4.1 0 1 0
"1802" 1 2 3.1 0 1 1
"1803" 3 0 2.8 0 1 1
"1804" 3 0 2.1 0 0 0
"1807" 2 1 3.5 0 0 1
"1808" 0 2 7.9 0 1 1
"1809" 1 0 4.1 0 0 1
"1811" 3 2 6.1 0 0 1
"1812" 2 1 3.2 0 0 1
"1813" 1 2 3 1 1 1
"1814" 0 1 5.6 1 0 0
"1815" 3 0 3.7 1 0 0
"1816" 4 2 1.9 1 0 1
"1817" 3 1 5.1 1 0 1
"1819" 2 2 3 1 1 1
"1820" 4 1 4.5 1 0 0
"1821" 1 0 3.7 1 1 1
"1822" 3 0 3.5 0 0 0
"1823" 3 1 6.7 0 0 1
"1824" 3 2 4.2 0 0 1
"1825" 3 0 4.8 0 0 1
"1826" 2 2 3 0 1 1
"1827" 2 2 4.1 0 0 0
"1828" 3 2 5.6 0 0 0
"1830" 2 1 6 0 0 0
"1831" 3 2 6.7 0 0 1
"1832" 1 1 2.5 0 1 0
"1833" 3 0 2.9 0 0 0
"1835" 3 0 3.9 0 1 1
"1836" 3 0 4.7 0 1 0
"1837" 3 0 5.1 0 0 1
"1838" 2 0 5.7 0 0 0
"1839" 3 0 5.7 0 0 1
"1840" 3 2 2.9 0 0 1
"1841" 3 1 2.1 0 0 0
"1842" 4 1 8 0 0 0
"1844" 1 0 6.2 0 0 1
"1845" 3 1 8 0 0 0
"1846" 3 1 7.2 0 1 0
"1847" 2 2 4.1 0 0 1
"1849" 4 2 3.2 1 0 0
"1851" 1 2 3.9 0 1 1
"1852" 3 0 6.3 0 0 0
"1855" 3 1 7.8 1 1 0
"1856" 1 2 4.9 0 0 1
"1857" 3 2 6.1 0 0 0
"1858" 2 0 6.6 0 1 0
"1859" 2 2 3.5 0 1 1
"1860" 2 1 7.6 0 1 1
"1862" 3 0 2.2 0 1 0
"1863" 2 2 5.4 0 1 1
"1864" 3 0 7.3 0 0 0
"1868" 4 1 5.2 0 1 1
"1870" 4 2 6.2 0 0 0
"1871" 2 2 5.6 0 0 1
"1872" 2 1 3.4 0 1 0
"1873" 2 1 6.4 0 0 0
"1874" 3 2 6.5 0 0 1
"1875" 3 0 4.2 0 1 0
"1876" 4 2 4.9 0 0 1
"1877" 3 1 4.1 0 0 1
"1878" 1 0 6.6 0 1 1
"1879" 2 1 4.9 0 0 1
"1880" 3 0 5.3 0 0 1
"1881" 4 2 8.1 0 0 1
"1884" 1 2 2.5 1 0 1
"1885" 1 0 6.6 1 1 1
"1886" 2 1 3.6 1 0 1
"1887" 3 0 5.7 0 0 0
"1888" 1 0 4.5 0 1 1
"1890" 3 0 3.3 1 0 0
"1891" 3 1 7.9 1 0 0
"1892" 4 2 6.1 1 0 0
"1893" 3 0 4.3 1 0 1
"1894" 2 0 4.1 1 1 0
"1895" 1 1 2.9 1 1 0
"1896" 2 1 7.2 0 1 0
"1900" 3 2 6.9 0 1 1
"1901" 2 0 2.6 0 0 0
"1903" 4 2 5.5 0 1 1
"1904" 3 2 8 0 1 0
"1905" 3 1 5.5 0 0 0
"1906" 3 1 3.7 0 0 0
"1908" 0 1 4.1 0 0 0
"1909" 2 1 2.6 0 0 0
"1910" 3 2 5.5 0 0 0
"1911" 3 1 7 0 0 0
"1913" 2 0 3.6 0 0 1
"1914" 3 1 6.3 0 0 0
"1915" 4 1 7.2 0 1 0
"1916" 1 0 3.7 0 1 1
"1917" 2 1 2.8 0 0 1
"1919" 3 0 4.6 0 0 0
"1920" 2 1 3.3 0 1 1
"1921" 3 0 4.2 0 0 1
"1922" 2 1 3 0 0 1
"1923" 2 0 4.5 0 1 1
"1926" 3 1 2.8 0 0 1
"1927" 1 2 6.2 1 1 1
"1928" 2 1 1.8 1 0 0
"1929" 3 2 4.1 1 0 0
"1930" 2 2 6.1 0 0 0
"1931" 2 1 4.5 0 1 1
"1932" 1 0 4.9 0 1 1
"1934" 3 0 2.8 1 1 1
"1935" 4 2 7.3 1 0 0
"1937" 4 2 4.5 0 0 0
"1938" 3 0 2.8 0 0 1
"1939" 2 1 4.5 0 1 0
"1941" 1 1 5.6 0 0 0
"1942" 1 2 2.8 0 1 1
"1943" 3 1 5.1 0 1 0
"1944" 3 1 7.5 0 0 0
"1946" 3 2 6 0 0 0
"1947" 2 2 3.2 0 1 1
"1948" 3 1 8.3 0 0 0
"1949" 1 0 3.9 0 1 1
"1950" 4 2 5.4 0 1 0
"1952" 2 2 1.9 0 1 0
"1953" 1 2 3 0 1 1
"1954" 4 2 7.4 0 0 1
"1955" 3 0 2.7 0 1 0
"1956" 1 1 2.2 0 1 0
"1957" 1 1 2.4 0 0 1
"1958" 3 0 2.8 0 0 1
"1960" 2 2 7.9 0 0 0
"1961" 2 0 2.4 1 0 1
"1962" 2 2 6 1 0 0
"1963" 4 2 7.2 1 0 0
"1965" 3 1 6.2 0 0 0
"1966" 3 2 6.5 0 1 1
"1967" 3 2 3.8 1 0 0
"1968" 3 1 3.4 1 1 1
"1969" 2 0 3.1 1 0 0
"1970" 4 2 2.5 0 0 1
"1971" 3 1 2.3 0 1 1
"1972" 1 1 3.6 0 0 1
"1973" 4 2 4.7 0 1 1
"1974" 3 2 5.1 0 0 1
"1975" 2 2 3.2 0 0 0
"1976" 3 2 2.4 0 0 1
"1977" 2 1 3.2 0 0 1
"1978" 1 0 3.5 0 1 0
"1979" 3 0 3.6 0 1 0
"1980" 1 2 7.4 0 0 1
"1981" 3 1 6.1 0 0 0
"1982" 2 1 2.4 0 1 1
"1983" 3 0 2.5 0 0 1
"1984" 2 1 3.4 0 0 0
"1985" 3 2 4.1 0 1 1
"1986" 1 2 5.1 0 0 1
"1987" 3 0 6.7 0 1 0
"1988" 3 2 3.4 0 0 0
"1989" 2 2 4 0 1 1
"1990" 3 2 3.2 0 1 1
"1991" 2 1 4.6 0 0 1
"1992" 2 1 4.9 0 0 1
"1993" 4 2 6.4 0 0 0
"1995" 2 1 6.4 0 1 0
"1996" 3 0 4.3 0 0 0
"1997" 2 2 3.4 1 0 0
"1999" 3 2 5 1 1 1
"2000" 1 0 3.4 1 0 1
"2001" 2 0 6.1 1 0 1
"2003" 1 1 5 0 1 1
"2004" 2 2 2.8 0 1 1
"2005" 3 1 4.4 0 1 1
"2006" 2 1 2.7 0 1 1
"2007" 4 2 3.5 1 0 1
"2009" 1 1 4.1 1 1 1
"2010" 2 0 6 1 1 1
"2011" 3 0 6.7 0 1 0
"2013" 1 0 5.3 0 0 1
"2014" 3 0 7.1 0 0 1
"2015" 2 0 6.9 0 0 1
"2016" 2 0 6.9 0 0 0
"2017" 2 0 3.5 0 0 0
"2018" 2 1 3.9 0 0 0
"2019" 2 0 4.7 0 0 0
"2020" 3 0 2.1 0 0 0
"2021" 2 0 3.1 0 0 0
"2022" 2 1 2.9 0 0 0
"2023" 1 1 3.6 0 1 1
"2024" 3 2 1.8 0 0 0
"2025" 2 0 5.3 0 0 1
"2026" 2 2 3.3 0 0 1
"2027" 3 1 3.2 0 0 0
"2029" 3 0 2.1 0 1 0
"2030" 2 0 4.2 0 1 1
"2031" 1 2 2.5 0 1 0
"2033" 2 0 3.5 1 0 0
"2034" 2 2 2.8 1 0 1
"2036" 3 2 4.1 1 0 0
"2037" 4 2 4 0 1 0
"2038" 1 1 4 0 0 1
"2039" 1 1 2.8 0 1 1
"2040" 2 1 3.9 1 1 1
"2042" 4 2 6 1 1 0
"2046" 4 1 6.3 1 1 0
"2048" 3 0 7 0 0 0
"2049" 2 1 6.4 0 1 0
"2050" 3 0 2.4 0 1 1
"2051" 2 0 4.5 0 1 1
"2052" 1 2 6.7 0 0 1
"2053" 3 2 6.9 0 0 0
"2055" 3 2 6.7 0 0 0
"2056" 4 2 3.3 0 1 0
"2057" 3 2 3.7 0 0 0
"2058" 3 0 4.1 0 0 1
"2059" 3 2 3.4 0 0 1
"2060" 3 1 6.5 0 0 1
"2061" 0 1 4.6 0 1 0
"2062" 2 1 6.9 0 0 1
"2063" 1 0 2.6 0 1 1
"2064" 2 1 2.4 0 0 1
"2065" 2 1 3.5 0 1 1
"2066" 1 2 3.4 0 0 1
"2067" 2 0 2.5 0 1 1
"2068" 4 2 5.5 0 1 1
"2069" 2 2 5.4 0 1 1
"2071" 1 0 4.5 1 0 1
"2074" 4 2 3.4 1 0 0
"2075" 3 1 4.5 1 0 0
"2076" 2 2 3.5 0 1 0
"2077" 3 1 4.3 0 1 1
"2078" 3 0 7.3 1 0 1
"2079" 2 1 5.8 1 1 0
"2081" 2 1 3.8 1 0 1
"2082" 1 1 3.1 1 0 1
"2083" 2 0 6.5 1 1 1
"2084" 3 1 6.1 0 1 0
"2085" 3 2 4.1 0 0 1
"2086" 2 1 1.8 0 0 0
"2089" 1 1 4.6 0 1 1
"2091" 1 1 5.9 0 0 0
"2092" 3 1 3.6 0 0 1
"2093" 1 2 3.7 0 1 1
"2094" 3 0 2.7 0 0 0
"2096" 1 0 6.3 0 0 0
"2097" 4 2 7.2 0 0 0
"2098" 3 0 5.7 0 0 0
"2099" 1 0 4.5 0 0 1
"2100" 2 2 3.7 0 1 0
"2101" 1 1 3.4 0 1 0
"2102" 2 1 6.4 0 0 1
"2103" 2 1 2.6 0 0 1
"2104" 3 1 6.3 0 1 0
"2105" 2 2 5.2 0 1 0
"2106" 2 1 3.7 0 0 1
"2107" 2 2 2.9 0 0 1
"2109" 3 2 3.8 0 0 1
"2111" 2 0 5.7 1 1 1
"2115" 2 1 2.6 1 1 1
"2116" 3 2 6.5 1 0 0
"2118" 1 2 4.9 0 0 1
"2122" 4 2 3.5 1 0 0
"2123" 1 1 3.4 1 1 0
"2125" 2 1 3.2 1 1 1
"2126" 3 2 2.7 1 1 0
"2127" 3 0 6.2 1 0 0
"2128" 1 1 3.9 0 1 1
"2129" 1 0 4.8 0 0 1
"2130" 3 2 2.8 0 0 0
"2132" 3 1 4.4 0 0 0
"2133" 3 0 6.1 0 1 0
"2134" 1 1 3.4 0 0 0
"2135" 1 1 5.1 0 0 0
"2136" 2 2 3.5 0 0 1
"2137" 3 0 4.8 0 0 1
"2139" 3 0 5.9 0 0 0
"2140" 3 0 3.9 0 1 0
"2142" 2 1 4.4 0 0 0
"2143" 2 1 4.9 0 0 1
"2146" 2 1 3.3 0 1 1
"2148" 3 0 4.1 1 0 1
"2149" 2 1 6.5 1 1 0
"2150" 3 0 4.2 1 0 0
"2151" 2 0 4.3 1 1 0
"2152" 2 1 5.4 1 0 0
"2153" 3 1 2.4 1 0 0
"2154" 3 1 5.1 1 1 0
"2155" 3 1 4.8 0 0 1
"2157" 1 0 6 0 1 1
"2158" 1 0 2.2 0 0 1
"2159" 2 0 3 1 1 1
"2160" 1 0 4.8 0 1 1
"2161" 2 1 5.3 1 1 0
"2162" 1 2 7.8 1 0 0
"2163" 3 1 4.6 1 1 1
"2164" 4 2 4.2 1 1 1
"2165" 3 2 6.5 0 1 0
"2167" 4 2 7.1 0 1 0
"2168" 1 1 2 0 1 1
"2169" 2 0 7.5 0 1 0
"2170" 4 2 6.9 0 1 1
"2171" 2 1 4.2 0 0 1
"2172" 3 2 5.2 0 1 0
"2173" 4 2 8 0 0 0
"2174" 3 1 4.2 0 1 1
"2175" 1 0 1.8 0 1 0
"2176" 0 2 5.2 0 0 1
"2177" 2 0 5.5 0 1 0
"2178" 2 2 4.3 0 1 1
"2179" 1 2 6.4 0 1 1
"2180" 0 1 5.7 0 1 0
"2181" 2 1 6.6 1 1 1
"2182" 4 2 7 0 1 1
"2183" 2 0 5.4 0 1 0
"2184" 2 0 4 0 0 1
"2186" 2 1 6.5 0 1 1
"2187" 2 1 3.6 0 1 1
"2188" 3 2 3.4 0 0 1
"2189" 2 1 2.4 0 1 1
"2190" 1 2 5.3 0 1 1
"2191" 2 2 3.7 0 1 0
"2192" 1 2 4.6 0 0 1
"2193" 3 2 3.4 0 0 1
"2194" 3 0 6.5 0 0 0
"2195" 3 0 3.8 0 0 0
"2196" 3 2 6.9 0 1 1
"2197" 3 0 3.6 0 0 1
"2198" 1 0 1.9 0 1 1
"2199" 3 1 2 0 0 1
"2200" 2 0 4.8 0 1 0
"2201" 4 2 2.9 0 1 0
"2202" 2 0 1.8 0 1 0
"2203" 1 2 4.3 0 0 1
"2204" 3 0 2.2 0 0 1
"2205" 3 2 4 0 0 1
"2207" 2 2 3 0 0 1
"2208" 0 2 3.8 0 0 1
"2210" 3 0 2.3 0 0 1
"2213" 0 2 3.8 0 0 1
"2214" 2 2 3.9 1 1 1
"2215" 3 2 4.4 1 1 0
"2216" 3 0 2.8 1 1 0
"2218" 2 1 6 0 0 0
"2220" 4 1 4.3 1 0 1
"2222" 2 2 5 1 1 1
"2224" 0 2 4.3 1 1 0
